   0
0.6283185307179586232
1.2566370614359172464
1.8849555921538758696
2.5132741228718344928
3.141592653589793116
   0
0.084149983643965114988
0.12164484695272471948
0.10748391093524373163
0.060710986336756526949
   0
   0
   0
   0
   0
   0
   0
   0
  -0
-0.43415742684541214214
  -0
-0.2170787134227059878
   0
   0
0.36931636609809137539
  -0
-0.7822246159973570423
  -0
   0
   0
   0
0.56831944997474248549
  -0
-1.1366388999494847489
   0
   0
0.070533149623935753603
  -0
0.59756643294831124358
  -0
   0
   0
   0
   0
   0
   0
   0
   0
   0
   0
   0
   0
   0
   0
  -0
  -0
  -0
  -0
   0
   0
   0
   0
   0
   0
   0
   0
   0
   0
   0
   0
   0
   0
   0
   0
   0
   0
   0
   0
   0
   0
   0
   0
   0
   0
   0
   0
   0
   0
   0
   0
   0
   0
   0
   0
   0
   0
   0
   0
   0
   0
   0
   0
   0
   0
   0
   0
   0
   0
   0
   0
   0
   0
   0
   0
   0
   0
   0
   0
   0
   0
   0
   0
   0
   0
   0
   0
   0
   0
   0
   0
   0
   0
   0
   0
   0
   0
   0
   0
   0
   0
   0
   0
   0
   0
   0
   0
   0
   0
   0
   0
   0
   0
   0
   0
   0
   0
   0
   0
   0
   0
   0
   0
   0
   0
   0
   0
   0
   0
   0
   0
   0
   0
   0
   0
1.7277281053629908745e-68
4.5117220569641856966e-43
4.5890993305368337358e-27
1.6719820280022856002e-14
   0
   0
-0.002833131464403898167
-0.021899363669830647361
-0.06894410057114215562
-0.14298117369396057263
   0
   0
1.6701382624144341565e-05
0.00049548736224516644767
0.0030859991987331157615
0.0073480807546304057962
   0
   0
6.6131430840119292084e-09
3.57287290554130021e-06
0.00014079333334676219979
0.0014762367902787091375
   0
   0
2.8840634189690634028e-12
2.837199159896646249e-08
7.0687025496160610477e-06
0.00032524265689528014233
   0
   0
1.316628251661852621e-15
2.3583246868781779604e-10
3.7138276702768369645e-07
7.4888132677072350493e-05
   0
   0
6.1736605899101254251e-19
2.013395241699151644e-12
2.0038224337001606145e-08
1.7696835736446204834e-05
   0
   0
2.9461747011216683431e-22
1.7493847551816585456e-14
1.1002623735781081828e-09
4.2542295965595288573e-06
   0
   0
1.4235659576884012645e-25
1.5390110394814765453e-16
6.1166573398895778399e-11
1.0352134864493724285e-06
   0
   0
6.9426065042693833538e-29
1.366538439555898267e-18
3.4319669926675647464e-12
2.5420587741034513497e-07
   0
   0
3.4102284435395581129e-32
1.2221273230637733186e-20
1.9394463099099538386e-13
6.2864010663953058485e-08
   0
   0
1.6847202932096139335e-35
1.0992422194927078866e-22
1.1022711310033464422e-14
1.563371045767791435e-08
   0
   0
8.361765221871972729e-39
9.9333417920216304949e-25
6.2938938966313033046e-16
3.9058721156350074157e-09
   0
   0
4.1663162274944855038e-42
9.0111630569470997975e-27
3.6076988641049118868e-17
9.7956931193684401097e-10
   0
   0
2.0827091969049284462e-45
8.2013998448802855314e-29
2.0747223467010466464e-18
2.4646571245214455757e-10
   0
   0
1.0440515847812462622e-48
7.4853422413310854257e-31
1.1964759582281623469e-19
6.2184253879549215011e-11
   0
   0
5.2464847764217459759e-52
6.8483850266256358697e-33
6.916700574167409054e-21
1.5726998698119892371e-11
   0
   0
2.6420146575275658335e-55
6.2789174037260196346e-35
4.006937516926212509e-22
3.9858601085202650486e-12
   0
   0
1.3329480195380225475e-58
5.7675630037961503334e-37
2.3256046976174515701e-23
1.0120488491254724424e-12
   0
   0
6.736147177174437885e-62
5.3066459285781134575e-39
1.3520052014317485076e-24
2.573917137990982651e-13
   0
   0
3.4092112147071882592e-65
4.889806953289125895e-41
7.8716138173486560253e-26
6.5558037659368346689e-14
   0
   0
1.5432118456086036987e-73
1.9383607676096228578e-47
2.9730182972359056766e-30
4.9700909699429482876e-16
   0
   0
-0.0046602369975358385462
-0.037847534220750093936
-0.1291140591686185668
-0.2959165198316559553
   0
   0
2.0295451077533447162e-05
0.00067445072171479713251
0.0050887686798124160195
0.01574635211885470551
   0
   0
4.3137732367156219332e-09
2.8184501121602709931e-06
0.00015358106121784231087
0.0025214527589107801203
   0
   0
1.0098543887748191065e-12
1.2971252054987794131e-08
5.1022676864703863379e-06
0.00044322617227245461732
   0
   0
2.4746980359872117154e-16
6.2489042926817475488e-11
1.7740313138797546334e-07
8.1455651493880692538e-05
   0
   0
6.2288395145156660617e-20
3.0920163217408278949e-13
6.334872426918982519e-09
1.5366555213206818794e-05
   0
   0
1.5956159822525022323e-23
1.5570871175134811904e-15
2.3021143476913519029e-10
2.949315453813992222e-06
   0
   0
4.1385961808798915587e-27
7.9393618586571210881e-18
8.47041510219434191e-12
5.7303178308917081047e-07
   0
   0
1.0834369515021671365e-30
4.0858550629479893754e-20
3.1455657941322436651e-13
1.1235753785002734832e-07
   0
   0
2.8567368605802718381e-34
2.1178512934061759874e-22
1.1765277624744610013e-14
2.2187076222501403663e-08
   0
   0
7.5756565171715004319e-38
1.1040552077544878006e-24
4.4257228175058765642e-16
4.406068548742790747e-09
   0
   0
2.0183485219523367581e-41
5.7824449416656953142e-27
1.6725861703056249071e-17
8.7903419531477891531e-10
   0
   0
5.3982893762887348425e-45
3.0402968109770028796e-29
6.3456214660365209265e-19
1.7604640238381098302e-10
   0
   0
1.4485661021620955715e-48
1.6037709491695337956e-31
2.4153486612951624579e-20
3.5371801555850161454e-11
   0
   0
3.8979602187754584579e-52
8.4837020733380117499e-34
9.2193587971387154257e-22
7.126779899271624248e-12
   0
   0
1.0514524399876921421e-55
4.4986421024108110134e-36
3.5275515073704469747e-23
1.4393748598937060931e-12
   0
   0
2.8422496134201275952e-59
2.3905491895715708846e-38
1.3525870504988746905e-24
2.9131821622926194479e-13
   0
   0
7.6974342860301357092e-63
1.2726969258710430158e-40
5.1959783410465026761e-26
5.9069946803491376405e-14
   0
   0
2.0880944122465739325e-66
6.786917517545493398e-43
1.9993508512774889636e-27
1.1997226384227103433e-14
   0
   0
5.6728103361591690857e-70
3.6246330996606949924e-45
7.7046694156237887935e-29
2.4402529605038892636e-15
   0
   0
4.4278570711695076407e-84
4.8115231894483815651e-57
6.0373962395583148403e-38
2.3553149474116671099e-20
   0
   0
-0.0047583598889107073943
-0.041389453973199867576
-0.16141768338139250716
-0.45749968441305843836
   0
   0
1.1228747479779456367e-05
0.00043636048274831132658
0.0045074596726490225376
0.023851916057039054819
   0
   0
6.8622023894544156962e-10
5.8248857942289274339e-07
5.3867458727852562787e-05
0.0022070879266955873918
   0
   0
4.6189128528692946495e-14
8.5637382655048180566e-10
7.0887623480261388051e-07
0.00022453004217620078464
   0
   0
3.2544564578763614233e-18
1.3179474602881327772e-12
9.7643164117333391672e-09
2.389456632464720699e-05
   0
   0
2.3552599361799894542e-22
2.0833043334785055904e-15
1.3813960904613157956e-10
2.6109863635709313858e-06
   0
   0
1.7347450199480624615e-26
3.3515274173476362779e-18
1.9889401994737288719e-12
2.9031387627857806039e-07
   0
   0
1.293707109000691019e-30
5.4592846838667513897e-21
2.8994994855142363107e-14
3.2680304077131346035e-08
   0
   0
9.7378312198302647932e-35
8.9754095211953641071e-24
4.2662525460625818225e-16
3.7127733979405184253e-09
   0
   0
7.3825187400006993015e-39
1.4862387030029649034e-26
6.322422661968032969e-18
4.2481974914344161317e-10
   0
   0
5.6289882036779356965e-43
2.4751762368745105515e-29
9.4232797435250910093e-20
4.8885316168905016758e-11
   0
   0
4.3120321006516707175e-47
4.1414212340185751213e-32
1.4110588086077925206e-21
5.6515308031661068083e-12
   0
   0
3.3160247255487908906e-51
6.9562743221905974006e-35
2.1211491443079103496e-23
6.558866118296377749e-13
   0
   0
2.5584427425715465892e-55
1.1722657411099349207e-37
3.1990323444285429285e-25
7.6367127017179522738e-14
   0
   0
1.9794775465203871029e-59
1.9810357448391033135e-40
4.8381834081794380009e-27
8.9165197426758083305e-15
   0
   0
1.535248248623273891e-63
3.3559203640176639817e-43
7.3349750255002035788e-29
1.0435970281715880345e-15
   0
   0
1.1932377904628956308e-67
5.6970665446563260069e-46
1.114383998606588992e-30
1.2240153273504652736e-16
   0
   0
9.2915160927871039989e-72
9.6895162366837819941e-49
1.6962190015926161993e-32
1.4382981427253629525e-17
   0
   0
7.2471381269772788398e-76
1.6507193263191699763e-51
2.5861222066721996528e-34
1.6928898571954124454e-18
   0
   0
5.6609652475530438917e-80
2.8163611442152810272e-54
3.9487523383584735273e-36
1.9954931021966965041e-19
   0
   0
7.7218317461595593087e-106
5.9523220724770204786e-78
1.0999500288825032873e-56
2.4620369237036532291e-33
   0
   0
-0.0029920328265064430849
-0.027719332557572605447
-0.1264640856371854194
-0.52923171078163511183
   0
   0
1.9941463433253548527e-06
8.9386095172435810576e-05
0.0013239623386768159009
0.017856267034466161148
   0
   0
9.5545363580953259624e-12
1.0292889197157371661e-08
1.7411927906514687615e-06
0.00034711452915591297285
   0
   0
5.042044695033455345e-17
1.3054139248787805104e-12
2.5220414203741720758e-09
7.429227152814455404e-06
   0
   0
2.7852640923835592657e-22
1.7330914458810737766e-16
3.8239866588507019249e-12
1.6642539195322615464e-07
   0
   0
1.5803301650452771674e-27
2.3632862235927361212e-20
5.9552562988005097139e-15
3.8290387088772773563e-09
   0
   0
9.1256907759502101e-33
3.2798014361534361875e-24
9.4388699140422574791e-18
8.9656354723520941746e-11
   0
   0
5.3356484128877174332e-38
4.6087406010936987337e-28
1.5147552270293673575e-20
2.1255265790728985708e-12
   0
   0
3.1487243368955010044e-43
6.5364647639763222071e-32
2.4535250193869365496e-23
5.0859467211758563628e-14
   0
   0
1.8715357454005628199e-48
9.3372633749763931294e-36
4.0027114944600207728e-26
1.2257131437115104689e-15
   0
   0
1.1187810093156901203e-53
1.3414662498629826814e-39
6.5675192724894843799e-29
2.9708879246391462498e-17
   0
   0
6.719205413437654386e-59
1.9362692670283460717e-43
1.0826152599608634521e-31
7.2344791314530057408e-19
   0
   0
4.0511179084722263884e-64
2.8056654056227370991e-47
1.7915583187643230376e-34
1.7685227175208635652e-20
   0
   0
2.4504961236964573718e-69
4.0787601303662697788e-51
2.9744716600116420633e-37
4.3374533170994888604e-22
   0
   0
1.4864492809956352963e-74
5.946170893135746171e-55
4.9522845185028300389e-40
1.0667799094158176253e-23
   0
   0
9.038561681240201637e-80
8.6895994590912577993e-59
8.2652203638574910363e-43
2.6300688100319833978e-25
   0
   0
5.5076827561179269845e-85
1.2725723594123072541e-62
1.3823677651833869904e-45
6.4979898063059178779e-27
   0
   0
3.3624025383528862677e-90
1.8671379558946927143e-66
2.3163485852600740252e-48
1.6084276581444696018e-28
   0
   0
2.0561314006302045602e-95
2.7440416497678062772e-70
3.8878058966717159091e-51
3.98789673222565204e-30
   0
   0
1.2592037894413309198e-100
4.0387687164642531864e-74
6.5350542770128606433e-54
9.9021577147552514959e-32
   0
   0
   0
   0
   0
   0
   0
   0
   0
   0
   0
   0
   0
   0
   0
   0
   0
   0
   0
   0
   0
   0
   0
   0
   0
   0
   0
   0
   0
   0
   0
   0
   0
   0
   0
   0
   0
   0
   0
   0
   0
   0
   0
   0
   0
   0
   0
   0
   0
   0
   0
   0
   0
   0
   0
   0
   0
   0
   0
   0
   0
   0
   0
   0
   0
   0
   0
   0
   0
   0
   0
   0
   0
   0
   0
   0
   0
   0
   0
   0
   0
   0
   0
   0
   0
   0
   0
   0
   0
   0
   0
   0
   0
   0
   0
   0
   0
   0
   0
   0
   0
   0
   0
   0
   0
   0
   0
   0
   0
   0
   0
   0
   0
   0
   0
   0
   0
   0
   0
   0
   0
   0
   0
   0
   0
   0
   0
   0
   0
   0
   0
   0
   0
   0
   0
   0
   0
   0
   0
   0
0.0023604065824265317054
0.0034121372938148084031
0.0030149231157300545279
0.0017029428357490173414
   0
   0
0.0034121372938148084031
0.0049324895967172745215
0.0043582879651993394754
0.0024617262137612370282
   0
   0
0.0030149231157300545279
0.0043582879651993394754
0.0038509303699784686731
0.0021751514160702461326
   0
   0
0.0017029428357490173414
0.0024617262137612370282
0.0021751514160702461326
0.001228607953993945956
   0
   0
   0
   0
   0
   0
   0
   0
   0
   0
   0
   0
   0
   0
   0
   0
   0
   0
   0
   0
   0
   0
   0
   0
   0
   0
   0
   0
   0
   0
   0
   0
   0
   0
   0
   0
   0
   0
   0
   0
   0
   0
   0
   0
   0
   0
   0
   0
   0
   0
   0
   0
   0
   0
   0
   0
   0
   0
   0
   0
   0
   0
   0
   0
   0
   0
   0
   0
   0
   0
   0
   0
   0
   0
   0
   0
   0
   0
   0
   0
   0
   0
   0
   0
   0
   0
   0
   0
   0
   0
   0
   0
   0
   0
   0
   0
   0
   0
   0
   0
   0
   0
   0
   0
   0
   0
   0
   0
   0
   0
   0
   0
   0
   0
   0
   0
   0
   0
   0
   0
   0
   0
   0
   0
   0
   0
   0
   0
   0
   0
   0
   0
   0
   0
   0
   0
   0
   0
   0
   0
   0
   0
   0
   0
   0
   0
   0
   0
   0
   0
   0
   0
   0
   0
   0
   0
   0
   0
   0
   0
   0
   0
   0
   0
   0
   0
   0
   0
   0
   0
   0
   0
   0
   0
   0
   0
   0
   0
   0
   0
   0
   0
   0
   0
   0
   0
   0
   0
   0
   0
   0
   0
   0
   0
   0
   0
   0
   0
   0
   0
   0
   0
   0
   0
   0
   0
   0
   0
   0
   0
   0
   0
   0
   0
   0
   0
   0
   0
   0
   0
   0
   0
   0
   0
   0
   0
   0
   0
   0
   0
   0
   0
   0
   0
   0
   0
   0
   0
   0
   0
   0
   0
   0
   0
   0
   0
   0
   0
   0
   0
   0
   0
   0
   0
   0
   0
   0
   0
   0
   0
   0
   0
   0
   0
   0
   0
   0
   0
   0
   0
   0
   0
   0
   0
   0
   0
   0
   0
   0
   0
   0
   0
   0
   0
   0
   0
   0
   0
   0
   0
   0
   0
   0
   0
   0
   0
   0
   0
   0
   0
   0
   0
   0
   0
   0
   0
   0
   0
   0
   0
   0
   0
   0
   0
   0
   0
   0
   0
   0
   0
   0
   0
   0
   0
   0
   0
   0
   0
   0
   0
   0
   0
   0
   0
   0
   0
   0
   0
   0
   0
   0
   0
   0
   0
   0
   0
   0
   0
   0
   0
   0
   0
   0
   0
   0
   0
   0
   0
   0
   0
   0
   0
   0
   0
   0
   0
   0
   0
   0
   0
   0
   0
   0
   0
   0
   0
   0
   0
   0
   0
   0
   0
   0
   0
   0
   0
   0
   0
   0
   0
   0
   0
   0
   0
   0
   0
   0
   0
   0
   0
   0
   0
   0
   0
   0
   0
   0
   0
   0
   0
   0
   0
   0
   0
   0
   0
   0
   0
   0
   0
   0
   0
   0
   0
   0
   0
   0
   0
   0
   0
   0
   0
   0
   0
   0
   0
   0
   0
   0
   0
   0
   0
   0
   0
   0
   0
   0
   0
   0
   0
   0
   0
   0
   0
   0
   0
   0
   0
   0
   0
   0
   0
   0
   0
   0
   0
   0
   0
   0
   0
   0
   0
   0
   0
   0
   0
   0
   0
   0
   0
   0
   0
   0
   0
   0
   0
   0
   0
   0
   0
   0
   0
   0
   0
   0
   0
   0
   0
   0
   0
   0
   0
   0
   0
   0
   0
   0
   0
   0
   0
   0
   0
   0
   0
   0
   0
   0
   0
   0
   0
   0
   0
   0
   0
   0
   0
   0
   0
   0
   0
   0
   0
   0
   0
   0
   0
   0
   0
   0
   0
   0
   0
   0
   0
   0
   0
   0
   0
   0
   0
   0
   0
   0
   0
   0
   0
   0
   0
   0
   0
   0
   0
   0
   0
   0
   0
   0
   0
   0
   0
   0
   0
   0
   0
   0
   0
   0
   0
   0
   0
   0
   0
   0
   0
   0
   0
   0
   0
   0
   0
   0
   0
   0
   0
   0
   0
   0
   0
   0
   0
   0
   0
   0
   0
   0
   0
   0
   0
   0
   0
   0
   0
   0
   0
   0
   0
   0
   0
   0
   0
   0
   0
   0
   0
   0
   0
   0
   0
   0
   0
   0
   0
   0
   0
   0
   0
   0
   0
   0
   0
   0
   0
   0
   0
   0
   0
   0
   0
   0
   0
   0
   0
   0
   0
   0
   0
   0
   0
   0
   0
   0
   0
   0
   0
   0
   0
   0
   0
   0
   0
   0
   0
   0
   0
   0
   0
   0
   0
   0
   0
   0
   0
   0
   0
   0
   0
   0
   0
   0
   0
   0
   0
   0
   0
   0
   0
   0
   0
   0
   0
   0
   0
   0
   0
   0
   0
   0
   0
   0
   0
   0
   0
   0
   0
   0
   0
   0
   0
   0
   0
   0
   0
   0
   0
   0
   0
   0
   0
   0
   0
   0
   0
   0
   0
   0
   0
   0
   0
   0
   0
   0
   0
   0
   0
   0
   0
   0
   0
   0
   0
   0
   0
   0
   0
   0
   0
   0
   0
   0
   0
   0
   0
   0
   0
   0
   0
   0
   0
   0
   0
   0
   0
   0
   0
   0
   0
   0
   0
   0
   0
   0
   0
   0
   0
   0
   0
   0
   0
   0
   0
   0
   0
   0
   0
   0
   0
   0
   0
   0
   0
   0
   0
   0
   0
   0
   0
   0
   0
   0
   0
   0
   0
   0
   0
   0
   0
   0
   0
   0
   0
   0
   0
   0
   0
   0
   0
   0
   0
   0
   0
   0
   0
   0
   0
   0
   0
   0
   0
   0
   0
   0
   0
   0
   0
   0
   0
   0
   0
   0
   0
   0
   0
   0
   0
   0
   0
   0
   0
   0
   0
   0
   0
   0
   0
   0
   0
   0
   0
   0
   0
   0
   0
   0
   0
   0
   0
   0
   0
   0
   0
   0
   0
   0
   0
   0
   0
   0
   0
   0
   0
   0
   0
   0
   0
   0
   0
   0
   0
   0
   0
   0
   0
   0
   0
   0
   0
   0
   0
   0
   0
   0
   0
   0
   0
   0
   0
   0
   0
   0
   0
   0
   0
   0
   0
   0
   0
   0
   0
   0
   0
   0
   0
   0
   0
   0
   0
   0
   0
   0
   0
   0
   0
   0
   0
   0
   0
   0
   0
   0
   0
   0
   0
   0
   0
   0
   0
   0
   0
   0
   0
   0
   0
   0
   0
   0
   0
   0
   0
   0
   0
   0
   0
   0
   0
   0
   0
   0
   0
   0
   0
   0
   0
   0
   0
   0
   0
   0
   0
   0
   0
   0
   0
   0
   0
   0
   0
   0
   0
   0
   0
   0
   0
   0
   0
   0
   0
   0
   0
   0
   0
   0
   0
   0
   0
   0
   0
   0
   0
   0
   0
   0
   0
   0
   0
   0
   0
   0
   0
   0
   0
   0
   0
   0
   0
   0
   0
   0
   0
   0
   0
   0
   0
   0
   0
   0
   0
   0
   0
   0
   0
   0
   0
   0
   0
   0
   0
   0
   0
   0
   0
   0
   0
   0
   0
   0
   0
   0
   0
   0
   0
   0
   0
   0
   0
   0
   0
   0
   0
   0
   0
   0
   0
   0
   0
   0
   0
   0
   0
   0
   0
   0
   0
   0
   0
   0
   0
   0
   0
   0
   0
   0
   0
   0
   0
   0
   0
   0
   0
   0
   0
   0
   0
   0
   0
   0
   0
   0
   0
   0
   0
   0
   0
   0
   0
   0
   0
   0
   0
   0
   0
   0
   0
   0
   0
   0
   0
   0
   0
   0
   0
   0
   0
   0
   0
   0
   0
   0
   0
   0
   0
   0
   0
   0
   0
   0
   0
   0
   0
   0
   0
   0
   0
   0
   0
   0
   0
   0
   0
   0
   0
   0
   0
   0
   0
   0
   0
   0
   0
   0
   0
   0
   0
   0
   0
   0
   0
   0
   0
   0
   0
   0
   0
   0
   0
   0
   0
   0
   0
   0
   0
   0
   0
   0
   0
   0
   0
   0
   0
   0
   0
   0
   0
   0
   0
   0
   0
   0
   0
   0
   0
   0
   0
   0
   0
   0
   0
   0
   0
   0
   0
   0
   0
   0
   0
   0
   0
   0
   0
   0
   0
   0
   0
   0
   0
   0
   0
   0
   0
   0
   0
   0
   0
   0
   0
   0
   0
   0
   0
   0
   0
   0
   0
   0
   0
   0
   0
   0
   0
  -0
   0
  -0
   0
   0
   0
   0
   0
   0
   0
   0
   0
   0
   0
   0
   0
   0
   0
   0
   0
   0
   0
   0
   0
   0
   0
   0
   0
   0
   0
   0
   0
   0
   0
   0
   0
   0
   0
   0
   0
   0
   0
   0
   0
   0
   0
   0
   0
   0
   0
   0
   0
   0
   0
   0
   0
   0
   0
   0
   0
   0
   0
   0
   0
   0
   0
   0
   0
   0
   0
   0
   0
   0
   0
   0
   0
   0
   0
   0
   0
   0
   0
   0
   0
   0
   0
   0
   0
   0
   0
   0
   0
   0
   0
   0
   0
   0
   0
   0
   0
   0
   0
   0
   0
   0
   0
   0
   0
   0
   0
   0
   0
   0
   0
   0
   0
   0
   0
   0
   0
   0
   0
   0
   0
   0
   0
   0
   0
   0
   0
   0
   0
   0
   0
   0
   0
   0
   0
   0
   0
   0
   0
   0
   0
   0
   0
   0
   0
   0
   0
   0
   0
   0
   0
   0
   0
   0
   0
   0
   0
   0
   0
   0
   0
   0
   0
   0
   0
   0
   0
   0
   0
   0
   0
   0
   0
   0
   0
   0
   0
   0
   0
   0
   0
   0
   0
   0
   0
   0
   0
   0
   0
   0
   0
   0
   0
   0
   0
   0
   0
   0
   0
   0
   0
   0
   0
   0
   0
   0
   0
   0
   0
   0
   0
   0
   0
   0
   0
   0
   0
   0
   0
   0
   0
   0
   0
   0
   0
   0
   0
   0
   0
   0
   0
   0
   0
   0
   0
   0
   0
   0
   0
   0
   0
   0
   0
   0
   0
   0
   0
   0
   0
   0
   0
   0
   0
   0
   0
   0
   0
   0
   0
   0
   0
   0
   0
   0
   0
   0
   0
   0
   0
   0
   0
   0
   0
   0
   0
   0
   0
   0
   0
   0
   0
   0
   0
   0
   0
   0
   0
   0
   0
   0
   0
   0
   0
   0
   0
   0
   0
   0
   0
   0
   0
   0
   0
   0
   0
   0
   0
   0
   0
   0
   0
   0
   0
   0
   0
   0
   0
   0
   0
   0
   0
   0
   0
   0
   0
   0
   0
   0
   0
   0
   0
   0
   0
   0
   0
   0
   0
   0
   0
   0
   0
   0
   0
   0
   0
   0
   0
   0
   0
   0
   0
   0
   0
   0
   0
   0
   0
   0
   0
   0
   0
   0
   0
   0
   0
   0
   0
   0
   0
2.6081542914892135165
4.9610042688479722983
6.8282365830226625647
8.0270735253293246103
   0
   0
2.4836260050585909909
4.7888397395853656846
6.5022172965865099314
7.7743567180850456921
   0
   0
2.6081542914892135165
4.9595403361113969964
6.8282365830226625647
8.0203647256354795303
   0
   0
2.6081542914892135165
4.9609937126844680932
6.8282365830226625647
8.0257257207450685144
   0
   0
2.6081542914892135165
4.9610041850220456539
6.8282365830226625647
8.0267765786966247532
   0
   0
2.6081542914892135165
4.9610042681511981044
6.8282365830226625647
8.02700515244418078
   0
   0
2.6081542914892135165
4.9610042688420232793
6.8282365830226625647
8.0270573681135797273
   0
   0
2.6081542914892135165
4.961004268847920784
6.8282365830226625647
8.0270696412165811751
   0
   0
2.6081542914892135165
4.9610042688479714101
6.8282365830226625647
8.0270725801791495968
   0
   0
2.6081542914892135165
4.9610042688479722983
6.8282365830226625647
8.0270732932393045189
   0
   0
2.6081542914892135165
4.9610042688479722983
6.8282365830226625647
8.027073467934481954
   0
   0
2.6081542914892135165
4.9610042688479722983
6.8282365830226625647
8.0270735110557573933
   0
   0
2.6081542914892135165
4.9610042688479722983
6.8282365830226625647
8.0270735217632775971
   0
   0
2.6081542914892135165
4.9610042688479722983
6.8282365830226625647
8.0270735244349928905
   0
   0
2.6081542914892135165
4.9610042688479722983
6.8282365830226625647
8.0270735251043170422
   0
   0
2.6081542914892135165
4.9610042688479722983
6.8282365830226625647
8.0270735252725664566
   0
   0
2.6081542914892135165
4.9610042688479722983
6.8282365830226625647
8.0270735253149805288
   0
   0
2.6081542914892135165
4.9610042688479722983
6.8282365830226625647
8.0270735253257008424
   0
   0
2.6081542914892135165
4.9610042688479722983
6.8282365830226625647
8.027073525328416892
   0
   0
2.6081542914892135165
4.9610042688479722983
6.8282365830226625647
8.0270735253291043421
   0
   0
2.6081542914892135165
4.9610042688479722983
6.8282365830226625647
8.0270735253292802014
   0
   0
0.52163085829784250347
0.99220085376959410439
1.36564731660453198
1.6054147050658671425
   0
   0
0.39033063481419044694
0.81124483244049117037
1.1729497600443059557
1.3572419788730165635
   0
   0
0.52167077904040259906
0.99120451101097040159
1.3596797175182797623
1.5982264932183161132
   0
   0
0.5216308741050118547
0.9921966901705803199
1.365375055300065199
1.6042636615443053305
   0
   0
0.52163085830473621129
0.99220083460761154814
1.3656336473907184637
1.6052123722589652921
   0
   0
0.52163085829784572311
0.99220085367728116932
1.3656465984373133971
1.6053775205500697698
   0
   0
0.52163085829784250347
0.99220085376913735864
1.3656472778553032654
1.6054076902313578756
   0
   0
0.52163085829784250347
0.99220085376959188395
1.365647314476882368
1.6054133587029684183
   0
   0
0.52163085829784250347
0.99220085376959410439
1.3656473164862501513
1.6054144434767816385
   0
   0
0.52163085829784250347
0.99220085376959410439
1.3656473165978952888
1.6054146537746361023
   0
   0
0.52163085829784250347
0.99220085376959410439
1.3656473166041569467
1.6054146949374641373
   0
   0
0.52163085829784250347
0.99220085376959410439
1.3656473166045104417
1.6054147030544965169
   0
   0
0.52163085829784250347
0.99220085376959410439
1.3656473166045308698
1.6054147046645881325
   0
   0
0.52163085829784250347
0.99220085376959410439
1.36564731660453198
1.6054147049855023166
   0
   0
0.52163085829784250347
0.99220085376959410439
1.36564731660453198
1.6054147050497200588
   0
   0
0.52163085829784250347
0.99220085376959410439
1.36564731660453198
1.605414705062613967
   0
   0
0.52163085829784250347
0.99220085376959410439
1.36564731660453198
1.6054147050652103346
   0
   0
0.52163085829784250347
0.99220085376959410439
1.36564731660453198
1.6054147050657343598
   0
   0
0.52163085829784250347
0.99220085376959410439
1.36564731660453198
1.6054147050658404972
   0
   0
0.52163085829784250347
0.99220085376959410439
1.36564731660453198
1.6054147050658618134
   0
   0
0.52163085829784250347
0.99220085376959410439
1.36564731660453198
1.6054147050658664764
   0
   0
0.14534745709219110132
0.27646729238891715186
0.3805245828457232693
0.44733347586288307873
   0
   0
0.020819170661568780351
0.05839539070291537709
0.05450529640957170463
0.61468648567747419253
   0
   0
0.14534745709219110132
0.27678082853312691025
0.3805245828457232693
0.41888120737163053731
   0
   0
0.14534745709219110132
0.27647334099736647905
0.3805245828457232693
0.44279734171748225124
   0
   0
0.14534745709219110132
0.27646734598860700505
0.3805245828457232693
0.44645356149135567714
   0
   0
0.14534745709219110132
0.27646729284301491125
0.3805245828457232693
0.44714356545294520195
   0
   0
0.14534745709219110132
0.27646729239280753987
0.3805245828457232693
0.44728998380727702511
   0
   0
0.14534745709219110132
0.27646729238895101366
0.3805245828457232693
0.44732317459537990212
   0
   0
0.14534745709219110132
0.27646729238891748492
0.3805245828457232693
0.44733098650903813098
   0
   0
0.14534745709219110132
0.27646729238891715186
0.3805245828457232693
0.44733286654844389707
   0
   0
0.14534745709219110132
0.27646729238891715186
0.3805245828457232693
0.44733332540730230686
   0
   0
0.14534745709219110132
0.27646729238891715186
0.3805245828457232693
0.44733343847188455911
   0
   0
0.14534745709219110132
0.27646729238891715186
0.3805245828457232693
0.44733346652427086187
   0
   0
0.14534745709219110132
0.27646729238891715186
0.3805245828457232693
0.44733347352119262608
   0
   0
0.14534745709219110132
0.27646729238891715186
0.3805245828457232693
0.44733347527376965402
   0
   0
0.14534745709219110132
0.27646729238891715186
0.3805245828457232693
0.44733347571428211387
   0
   0
0.14534745709219110132
0.27646729238891715186
0.3805245828457232693
0.44733347582533083964
   0
   0
0.14534745709219110132
0.27646729238891715186
0.3805245828457232693
0.44733347585339572339
   0
   0
0.14534745709219110132
0.27646729238891715186
0.3805245828457232693
0.44733347586050398181
   0
   0
0.14534745709219110132
0.27646729238891715186
0.3805245828457232693
0.44733347586230781667
   0
   0
0.14534745709219110132
0.27646729238891715186
0.3805245828457232693
0.44733347586276628327
   0
   0
0.029069491418438224428
0.055293458477783448413
0.076104916569144670513
0.089466695172584626006
   0
  -0
-0.096752119904475381018
-0.14062460538473303684
-0.35176310861434911814
-0.052197615157257258589
   0
   0
0.029077115601839127745
0.055161411486388318981
0.080663756608575623575
0.081315306883960075668
   0
   0
0.029069494437338926768
0.055293443272453703108
0.076312905698114524844
0.089308237343615592962
   0
   0
0.029069491419754803219
0.055293458475855004897
0.076115358919299283547
0.089463303729396079222
   0
   0
0.029069491418438824643
0.055293458477783191674
0.076105465200080477106
0.089466619199370961413
   0
   0
0.029069491418438224428
0.055293458477783448413
0.07610494617092145031
0.089466693424627957709
   0
   0
0.029069491418438224428
0.055293458477783448413
0.076104918194524279196
0.089466695131656490125
   0
   0
0.029069491418438224428
0.055293458477783448413
0.076104916659503932252
0.089466695171614332716
   0
   0
0.029069491418438224428
0.055293458477783448413
0.076104916574214601099
0.089466695172561408467
   0
   0
0.029069491418438224428
0.055293458477783448413
0.076104916569431177442
0.089466695172584070894
   0
   0
0.029069491418438224428
0.055293458477783448413
0.076104916569160963036
0.089466695172584626006
   0
   0
0.029069491418438224428
0.055293458477783448413
0.076104916569145600325
0.089466695172584626006
   0
   0
0.029069491418438224428
0.055293458477783448413
0.076104916569144726024
0.089466695172584626006
   0
   0
0.029069491418438224428
0.055293458477783448413
0.076104916569144670513
0.089466695172584626006
   0
   0
0.029069491418438224428
0.055293458477783448413
0.076104916569144670513
0.089466695172584626006
   0
   0
0.029069491418438224428
0.055293458477783448413
0.076104916569144670513
0.089466695172584626006
   0
   0
0.029069491418438224428
0.055293458477783448413
0.076104916569144670513
0.089466695172584626006
   0
   0
0.029069491418438224428
0.055293458477783448413
0.076104916569144670513
0.089466695172584626006
   0
   0
0.029069491418438224428
0.055293458477783448413
0.076104916569144670513
0.089466695172584626006
   0
   0
0.029069491418438224428
0.055293458477783448413
0.076104916569144670513
0.089466695172584626006
   0
   0
   0
   0
   0
   0
   0
   0
   0
   0
   0
   0
   0
   0
   0
   0
   0
   0
   0
   0
   0
   0
   0
   0
   0
   0
   0
   0
   0
   0
   0
   0
   0
   0
   0
   0
   0
   0
   0
   0
   0
   0
   0
   0
   0
   0
   0
   0
   0
   0
   0
   0
   0
   0
   0
   0
   0
   0
   0
   0
   0
   0
   0
   0
   0
   0
   0
   0
   0
   0
   0
   0
   0
   0
   0
   0
   0
   0
   0
   0
   0
   0
   0
   0
   0
   0
   0
   0
   0
   0
   0
   0
   0
   0
   0
   0
   0
   0
   0
   0
   0
   0
   0
   0
   0
   0
   0
   0
   0
   0
   0
   0
   0
   0
   0
   0
   0
   0
   0
   0
   0
   0
   0
   0
   0
   0
   0
   0
   0
   0
   0
   0
   0
   0
   0
   0
   0
   0
   0
   0
   0
   0
   0
   0
   0
   0
   0
   0
   0
   0
   0
   0
   0
   0
   0
   0
   0
   0
   0
   0
   0
   0
   0
   0
   0
   0
   0
   0
   0
   0
   0
   0
   0
   0
   0
   0
   0
   0
   0
   0
   0
   0
   0
   0
   0
   0
   0
   0
   0
   0
   0
   0
   0
   0
   0
   0
   0
   0
   0
   0
   0
   0
   0
   0
   0
   0
   0
   0
   0
   0
   0
   0
   0
   0
   0
   0
   0
   0
   0
   0
   0
   0
   0
   0
   0
   0
   0
   0
   0
   0
   0
   0
   0
   0
   0
   0
   0
   0
   0
   0
   0
   0
   0
   0
   0
   0
   0
   0
   0
   0
   0
   0
   0
   0
8.0596400002211705527
15.330346282406836167
21.100411457667235027
24.805021344239854386
   0
   0
7.7744143495877056083
14.856606700049042047
20.50473190109595123
24.083114864955351919
   0
   0
8.0596799209637310923
15.329349939648214018
21.094443858580984141
24.797833132392298694
   0
   0
8.0596400160283394598
15.330342118807823937
21.100139196362771798
24.803870300718287467
   0
   0
8.0596400002280645936
15.330346263244852167
21.100397788453424397
24.804819011432950759
   0
   0
8.0596400002211741054
15.330346282314522455
21.100410739500020441
24.804984159724053683
   0
   0
8.0596400002211705527
15.330346282406379643
21.1004114189180072
24.805014329405345563
   0
   0
8.0596400002211705527
15.330346282406832614
21.100411455539585859
24.805019997876954108
   0
   0
8.0596400002211705527
15.330346282406836167
21.10041145754895453
24.805021082650764441
   0
   0
8.0596400002211705527
15.330346282406836167
21.100411457660598558
24.805021292948623568
   0
   0
8.0596400002211705527
15.330346282406836167
21.100411457666861992
24.805021334111447828
   0
   0
8.0596400002211705527
15.330346282406836167
21.10041145766721371
24.805021342228481984
   0
   0
8.0596400002211705527
15.330346282406836167
21.100411457667235027
24.805021343838571823
   0
   0
8.0596400002211705527
15.330346282406836167
21.100411457667235027
24.80502134415948845
   0
   0
8.0596400002211705527
15.330346282406836167
21.100411457667235027
24.805021344223707302
   0
   0
8.0596400002211705527
15.330346282406836167
21.100411457667235027
24.8050213442366001
   0
   0
8.0596400002211705527
15.330346282406836167
21.100411457667235027
24.805021344239193581
   0
   0
8.0596400002211705527
15.330346282406836167
21.100411457667235027
24.805021344239719383
   0
   0
8.0596400002211705527
15.330346282406836167
21.100411457667235027
24.805021344239825964
   0
   0
8.0596400002211705527
15.330346282406836167
21.100411457667235027
24.805021344239847281
   0
   0
8.0596400002211705527
15.330346282406836167
21.100411457667235027
24.805021344239854386
   0
   0
1.6119280000442339773
3.0660692564813665228
4.2200822915334468277
4.9610042688479696338
   0
   0
1.3111958768693079413
2.5364188189068506141
3.990433656787023331
4.1040118586961478186
   0
   0
1.6120250230866777219
3.0660692564813665228
4.2004013199140999291
4.9610042688479696338
   0
   0
1.6119280206663624266
3.0660692564813665228
4.2194883119880426392
4.9610042688479696338
   0
   0
1.6119280000490616711
3.0660692564813665228
4.2200625583539972396
4.9610042688479696338
   0
   0
1.6119280000442348655
3.0660692564813665228
4.2200816054213010631
4.9610042688479696338
   0
   0
1.6119280000442339773
3.0660692564813665228
4.2200822670331294972
4.9610042688479696338
   0
   0
1.6119280000442339773
3.0660692564813665228
4.2200822906430968118
4.9610042688479696338
   0
   0
1.6119280000442339773
3.0660692564813665228
4.2200822915006872549
4.9610042688479696338
   0
   0
1.6119280000442339773
3.0660692564813665228
4.2200822915322300233
4.9610042688479696338
   0
   0
1.6119280000442339773
3.0660692564813665228
4.2200822915334006424
4.9610042688479696338
   0
   0
1.6119280000442339773
3.0660692564813665228
4.2200822915334450514
4.9610042688479696338
   0
   0
1.6119280000442339773
3.0660692564813665228
4.2200822915334468277
4.9610042688479696338
   0
   0
1.6119280000442339773
3.0660692564813665228
4.2200822915334468277
4.9610042688479696338
   0
   0
1.6119280000442339773
3.0660692564813665228
4.2200822915334468277
4.9610042688479696338
   0
   0
1.6119280000442339773
3.0660692564813665228
4.2200822915334468277
4.9610042688479696338
   0
   0
1.6119280000442339773
3.0660692564813665228
4.2200822915334468277
4.9610042688479696338
   0
   0
1.6119280000442339773
3.0660692564813665228
4.2200822915334468277
4.9610042688479696338
   0
   0
1.6119280000442339773
3.0660692564813665228
4.2200822915334468277
4.9610042688479696338
   0
   0
1.6119280000442339773
3.0660692564813665228
4.2200822915334468277
4.9610042688479696338
   0
   0
1.6119280000442339773
3.0660692564813665228
4.2200822915334468277
4.9610042688479696338
   0
   0
0.44914834330670527773
0.85433091737002964106
1.1758856287676608954
1.3823364619445845936
   0
   0
0.15932088514426634429
0.25149222014678668247
0.75902830536722432075
1.2326631686178874947
   0
   0
0.44917518299701714168
0.85563514697329057235
1.1671692583179014147
1.3446984960741372728
   0
   0
0.44914834494695399236
0.8543363675918964617
1.1757814617291162396
1.3763095198206258818
   0
   0
0.44914834330681568941
0.85433094245339069595
1.175884257967184654
1.3812770336135689053
   0
   0
0.44914834330670527773
0.85433091749086875755
1.175885609885761518
1.3821417612921591545
   0
   0
0.44914834330670527773
0.85433091737062749615
1.1758856285005312436
1.3822997317942438134
   0
   0
0.44914834330670527773
0.85433091737003263866
1.1758856287638146387
1.3823294122969242981
   0
   0
0.44914834330670527773
0.85433091737002964106
1.1758856287676047181
1.3823350922463515378
   0
   0
0.44914834330670527773
0.85433091737002964106
1.1758856287676600072
1.3823361933802134072
   0
   0
0.44914834330670527773
0.85433091737002964106
1.1758856287676608954
1.3823364089115777187
   0
   0
0.44914834330670527773
0.85433091737002964106
1.1758856287676608954
1.3823364514129110603
   0
   0
0.44914834330670527773
0.85433091737002964106
1.1758856287676608954
1.38233645984346043
   0
   0
0.44914834330670527773
0.85433091737002964106
1.1758856287676608954
1.3823364615237880848
   0
   0
0.44914834330670527773
0.85433091737002964106
1.1758856287676608954
1.3823364618600377796
   0
   0
0.44914834330670527773
0.85433091737002964106
1.1758856287676608954
1.3823364619275508858
   0
   0
0.44914834330670527773
0.85433091737002964106
1.1758856287676608954
1.3823364619411451226
   0
   0
0.44914834330670527773
0.85433091737002964106
1.1758856287676608954
1.3823364619438895939
   0
   0
0.44914834330670527773
0.85433091737002964106
1.1758856287676608954
1.3823364619444447055
   0
   0
0.44914834330670527773
0.85433091737002964106
1.1758856287676608954
1.38233646194455706
   0
   0
0.44914834330670527773
0.85433091737002964106
1.1758856287676608954
1.3823364619445799306
   0
   0
0.089829668661341080527
0.17086618347400595042
0.23517712575353219573
0.27646729238891720737
   0
  -0
-0.19790319726514474241
-0.35878425410051023592
-0.44000800307153886681
-0.58052511776290438572
   0
   0
0.089843700077140112303
0.17086618347400595042
0.24013435515679690258
0.27646729238891720737
   0
   0
0.089829670653417015291
0.17086618347400595042
0.23540063869253585738
0.27646729238891720737
   0
   0
0.089829668661802183904
0.17086618347400595042
0.23518465828033857656
0.27646729238891720737
   0
   0
0.089829668661341177671
0.17086618347400595042
0.23517738781765679112
0.27646729238891720737
   0
   0
0.089829668661341080527
0.17086618347400595042
0.23517713511180896035
0.27646729238891720737
   0
   0
0.089829668661341080527
0.17086618347400595042
0.23517712609361560161
0.27646729238891720737
   0
   0
0.089829668661341080527
0.17086618347400595042
0.23517712576604526964
0.27646729238891720737
   0
   0
0.089829668661341080527
0.17086618347400595042
0.23517712575399687958
0.27646729238891720737
   0
   0
0.089829668661341080527
0.17086618347400595042
0.23517712575354959847
0.27646729238891720737
   0
   0
0.089829668661341080527
0.17086618347400595042
0.23517712575353288962
0.27646729238891720737
   0
   0
0.089829668661341080527
0.17086618347400595042
0.23517712575353225124
0.27646729238891720737
   0
   0
0.089829668661341080527
0.17086618347400595042
0.23517712575353219573
0.27646729238891720737
   0
   0
0.089829668661341080527
0.17086618347400595042
0.23517712575353219573
0.27646729238891720737
   0
   0
0.089829668661341080527
0.17086618347400595042
0.23517712575353219573
0.27646729238891720737
   0
   0
0.089829668661341080527
0.17086618347400595042
0.23517712575353219573
0.27646729238891720737
   0
   0
0.089829668661341080527
0.17086618347400595042
0.23517712575353219573
0.27646729238891720737
   0
   0
0.089829668661341080527
0.17086618347400595042
0.23517712575353219573
0.27646729238891720737
   0
   0
0.089829668661341080527
0.17086618347400595042
0.23517712575353219573
0.27646729238891720737
   0
   0
0.089829668661341080527
0.17086618347400595042
0.23517712575353219573
0.27646729238891720737
   0
   0
   0
   0
   0
   0
   0
   0
   0
   0
   0
   0
   0
   0
   0
   0
   0
   0
   0
   0
   0
   0
   0
   0
   0
   0
   0
   0
   0
   0
   0
   0
   0
   0
   0
   0
   0
   0
   0
   0
   0
   0
   0
   0
   0
   0
   0
   0
   0
   0
   0
   0
   0
   0
   0
   0
   0
   0
   0
   0
   0
   0
   0
   0
   0
   0
   0
   0
   0
   0
   0
   0
   0
   0
   0
   0
   0
   0
   0
   0
   0
   0
   0
   0
   0
   0
   0
   0
   0
   0
   0
   0
   0
   0
   0
   0
   0
   0
   0
   0
   0
   0
   0
   0
   0
   0
   0
   0
   0
   0
   0
   0
   0
   0
   0
   0
   0
   0
   0
   0
   0
   0
   0
   0
   0
   0
   0
   0
   0
   0
   0
   0
   0
   0
   0
   0
   0
   0
   0
   0
   0
   0
   0
   0
   0
   0
   0
   0
   0
   0
   0
   0
   0
   0
   0
   0
   0
   0
   0
   0
   0
   0
   0
   0
   0
   0
   0
   0
   0
   0
   0
   0
   0
   0
   0
   0
   0
   0
   0
   0
   0
   0
   0
   0
   0
   0
   0
   0
   0
   0
   0
   0
   0
   0
   0
   0
   0
   0
   0
   0
   0
   0
   0
   0
   0
   0
   0
   0
   0
   0
   0
   0
   0
   0
   0
   0
   0
   0
   0
   0
   0
   0
   0
   0
   0
   0
   0
   0
   0
   0
   0
   0
   0
   0
   0
   0
   0
   0
   0
   0
   0
   0
   0
   0
   0
   0
   0
   0
   0
   0
   0
   0
   0
   0
28.924874332134869803
55.018380433190593237
75.726304121848500017
89.021609546874501007
   0
   0
28.397364045693187506
54.033791217384248284
74.345264262528999666
87.948711489477105374
   0
   0
28.924874332134869803
55.018693969334805161
75.726304121848500017
88.993157278383250741
   0
   0
28.924874332134869803
55.018386481799041121
75.726304121848500017
89.01707341272910412
   0
   0
28.924874332134869803
55.018380486790277928
75.726304121848500017
89.020729632502977324
   0
   0
28.924874332134869803
55.018380433644693994
75.726304121848500017
89.021419636464557357
   0
   0
28.924874332134869803
55.018380433194487011
75.726304121848500017
89.021566054818890734
   0
   0
28.924874332134869803
55.018380433190628764
75.726304121848500017
89.021599245606992667
   0
   0
28.924874332134869803
55.018380433190593237
75.726304121848500017
89.021607057520654394
   0
   0
28.924874332134869803
55.018380433190593237
75.726304121848500017
89.021608937560060326
   0
   0
28.924874332134869803
55.018380433190593237
75.726304121848500017
89.021609396418924121
   0
   0
28.924874332134869803
55.018380433190593237
75.726304121848500017
89.021609509483496936
   0
   0
28.924874332134869803
55.018380433190593237
75.726304121848500017
89.021609537535894674
   0
   0
28.924874332134869803
55.018380433190593237
75.726304121848500017
89.021609544532807945
   0
   0
28.924874332134869803
55.018380433190593237
75.726304121848500017
89.021609546285390024
   0
   0
28.924874332134869803
55.018380433190593237
75.726304121848500017
89.021609546725898099
   0
   0
28.924874332134869803
55.018380433190593237
75.726304121848500017
89.021609546836955928
   0
   0
28.924874332134869803
55.018380433190593237
75.726304121848500017
89.021609546865008156
   0
   0
28.924874332134869803
55.018380433190593237
75.726304121848500017
89.021609546872113583
   0
   0
28.924874332134869803
55.018380433190593237
75.726304121848500017
89.021609546873918362
   0
   0
28.924874332134869803
55.018380433190593237
75.726304121848500017
89.021609546874373109
   0
   0
5.784974866426973783
11.003676086638119358
15.14526082436970178
17.804321909374909438
   0
   0
5.2460908354032902423
9.9271036363232241229
14.076364928096960938
16.888131301927867156
   0
   0
5.7850017061172858135
11.004980316241379512
15.136544453919940523
17.766683943504460785
   0
   0
5.7849748680672226087
11.003681536859986068
15.14515665733115668
17.798294967250946286
   0
   0
5.7849748664270848053
11.003676111721478748
15.145259453569225983
17.803262481043891086
   0
   0
5.784974866426973783
11.003676086758957808
15.145260805487801292
17.804127208722480447
   0
   0
5.784974866426973783
11.00367608663871799
15.145260824102573238
17.80428517922456777
   0
   0
5.784974866426973783
11.003676086638122911
15.145260824365855967
17.80431485972724559
   0
   0
5.784974866426973783
11.003676086638119358
15.145260824369644936
17.804320539676673718
   0
   0
5.784974866426973783
11.003676086638119358
15.14526082436970178
17.804321640810535143
   0
   0
5.784974866426973783
11.003676086638119358
15.14526082436970178
17.804321856341900343
   0
   0
5.784974866426973783
11.003676086638119358
15.14526082436970178
17.804321898843234351
   0
   0
5.784974866426973783
11.003676086638119358
15.14526082436970178
17.804321907273781278
   0
   0
5.784974866426973783
11.003676086638119358
15.14526082436970178
17.804321908954108267
   0
   0
5.784974866426973783
11.003676086638119358
15.14526082436970178
17.804321909290361958
   0
   0
5.784974866426973783
11.003676086638119358
15.14526082436970178
17.804321909357874176
   0
   0
5.784974866426973783
11.003676086638119358
15.14526082436970178
17.804321909371470412
   0
   0
5.784974866426973783
11.003676086638119358
15.14526082436970178
17.804321909374213107
   0
   0
5.784974866426973783
11.003676086638119358
15.14526082436970178
17.80432190937476733
   0
   0
5.784974866426973783
11.003676086638119358
15.14526082436970178
17.804321909374877464
   0
   0
5.784974866426973783
11.003676086638119358
15.14526082436970178
17.804321909374902333
   0
   0
1.6119280000442339773
3.0660692564813665228
4.2200822915334468277
4.9610042688479696338
   0
   0
1.0844177136025532349
1.9026100613807608308
2.8390424322139335978
5.524586180493322729
   0
   0
1.6119280000442339773
3.0677568942611785907
4.2200822915334468277
4.8469794336704703497
   0
   0
1.6119280000442339773
3.066071509274118867
4.2200822915334468277
4.9504532155714997543
   0
   0
1.6119280000442339773
3.066069259793418933
4.2200822915334468277
4.9599308959168260103
   0
   0
1.6119280000442339773
3.0660692564864637788
4.2200822915334468277
4.9608900401218463116
   0
   0
1.6119280000442339773
3.0660692564813749605
4.2200822915334468277
4.9609917869455077977
   0
   0
1.6119280000442339773
3.0660692564813665228
4.2200822915334468277
4.9610028809933499616
   0
   0
1.6119280000442339773
3.0660692564813665228
4.2200822915334468277
4.9610041126187480742
   0
   0
1.6119280000442339773
3.0660692564813665228
4.2200822915334468277
4.9610042510989398323
   0
   0
1.6119280000442339773
3.0660692564813665228
4.2200822915334468277
4.9610042668171052682
   0
   0
1.6119280000442339773
3.0660692564813665228
4.2200822915334468277
4.961004268614272128
   0
   0
1.6119280000442339773
3.0660692564813665228
4.2200822915334468277
4.9610042688209521344
   0
   0
1.6119280000442339773
3.0660692564813665228
4.2200822915334468277
4.961004268844834364
   0
   0
1.6119280000442339773
3.0660692564813665228
4.2200822915334468277
4.9610042688476045925
   0
   0
1.6119280000442339773
3.0660692564813665228
4.2200822915334468277
4.9610042688479270012
   0
   0
1.6119280000442339773
3.0660692564813665228
4.2200822915334468277
4.9610042688479643047
   0
   0
1.6119280000442339773
3.0660692564813665228
4.2200822915334468277
4.9610042688479687456
   0
   0
1.6119280000442339773
3.0660692564813665228
4.2200822915334468277
4.9610042688479696338
   0
   0
1.6119280000442339773
3.0660692564813665228
4.2200822915334468277
4.9610042688479696338
   0
   0
1.6119280000442339773
3.0660692564813665228
4.2200822915334468277
4.9610042688479696338
   0
   0
0.32238560000884686207
0.61321385129627348221
0.84401645830668958759
0.99220085376959421541
   0
  -0
-0.20729687835831647758
-0.44377303107182142217
-0.77548017001437630213
0.63369555195708693329
   0
   0
0.32239072593357270824
0.61338670305206577371
0.85067517281323523637
0.94951963057936039636
   0
   0
0.32238560032210650252
0.61321387120030856899
0.84409603484312278887
0.99137115780554529998
   0
   0
0.32238560000886795631
0.61321385129879790732
0.84401750550506982052
0.99218309594251707928
   0
   0
0.32238560000884686207
0.61321385129627381527
0.8440164727311769699
0.99220045596868300386
   0
   0
0.32238560000884686207
0.61321385129627348221
0.8440164585107584605
0.99220084461717428237
   0
   0
0.32238560000884686207
0.61321385129627348221
0.8440164583096276818
0.99220085355529175075
   0
   0
0.32238560000884686207
0.61321385129627348221
0.8440164583067324422
0.99220085376451372383
   0
   0
0.32238560000884686207
0.61321385129627348221
0.8440164583066901427
0.99220085376947264599
   0
   0
0.32238560000884686207
0.61321385129627348221
0.84401645830668958759
0.99220085376959121781
   0
   0
0.32238560000884686207
0.61321385129627348221
0.84401645830668958759
0.99220085376959421541
   0
   0
0.32238560000884686207
0.61321385129627348221
0.84401645830668958759
0.99220085376959421541
   0
   0
0.32238560000884686207
0.61321385129627348221
0.84401645830668958759
0.99220085376959421541
   0
   0
0.32238560000884686207
0.61321385129627348221
0.84401645830668958759
0.99220085376959421541
   0
   0
0.32238560000884686207
0.61321385129627348221
0.84401645830668958759
0.99220085376959421541
   0
   0
0.32238560000884686207
0.61321385129627348221
0.84401645830668958759
0.99220085376959421541
   0
   0
0.32238560000884686207
0.61321385129627348221
0.84401645830668958759
0.99220085376959421541
   0
   0
0.32238560000884686207
0.61321385129627348221
0.84401645830668958759
0.99220085376959421541
   0
   0
0.32238560000884686207
0.61321385129627348221
0.84401645830668958759
0.99220085376959421541
   0
   0
0.32238560000884686207
0.61321385129627348221
0.84401645830668958759
0.99220085376959421541
   0
   0
   0
   0
   0
   0
   0
   0
   0
   0
   0
   0
   0
   0
   0
   0
   0
   0
   0
   0
   0
   0
   0
   0
   0
   0
   0
   0
   0
   0
   0
   0
   0
   0
   0
   0
   0
   0
   0
   0
   0
   0
   0
   0
   0
   0
   0
   0
   0
   0
   0
   0
   0
   0
   0
   0
   0
   0
   0
   0
   0
   0
   0
   0
   0
   0
   0
   0
   0
   0
   0
   0
   0
   0
   0
   0
   0
   0
   0
   0
   0
   0
   0
   0
   0
   0
   0
   0
   0
   0
   0
   0
   0
   0
   0
   0
   0
   0
   0
   0
   0
   0
   0
   0
   0
   0
   0
   0
   0
   0
   0
   0
   0
   0
   0
   0
   0
   0
   0
   0
   0
   0
   0
   0
   0
   0
   0
   0
   0
   0
   0
   0
   0
   0
   0
   0
   0
   0
   0
   0
   0
   0
   0
   0
   0
   0
   0
   0
   0
   0
   0
   0
   0
   0
   0
   0
   0
   0
   0
   0
   0
   0
   0
   0
   0
   0
   0
   0
   0
   0
   0
   0
   0
   0
   0
   0
   0
   0
   0
   0
   0
   0
   0
   0
   0
   0
   0
   0
   0
   0
   0
   0
   0
   0
   0
   0
   0
   0
   0
   0
   0
   0
   0
   0
   0
   0
   0
   0
   0
   0
   0
   0
   0
   0
   0
   0
   0
   0
   0
   0
   0
   0
   0
   0
   0
   0
   0
   0
   0
   0
   0
   0
   0
   0
   0
   0
   0
   0
   0
   0
   0
   0
   0
   0
   0
   0
   0
   0
   0
   0
   0
   0
   0
   0
234.00714894856810133
445.10804773437257609
612.63866955781054457
720.19994990032546411
   0
   0
232.82630676436178874
442.9053612891777334
609.44872181398795874
716.81126614145114218
   0
   0
234.00715657275148374
445.10791568738119395
612.64322839784995267
720.19179851203671205
   0
   0
234.00714895158699846
445.10804771916724576
612.63887754693951138
720.19979144249646197
   0
   0
234.00714894856940873
445.10804773437064341
612.63868000016066162
720.19994650888224896
   0
   0
234.00714894856810133
445.10804773437257609
612.63867010644139555
720.19994982435218844
   0
   0
234.00714894856810133
445.10804773437257609
612.63866958741232338
720.1999498985774153
   0
   0
234.00714894856810133
445.10804773437257609
612.63866955943592529
720.19994990028453685
   0
   0
234.00714894856810133
445.10804773437257609
612.63866955790092561
720.19994990032444093
   0
   0
234.00714894856810133
445.10804773437257609
612.6386695578155468
720.19994990032546411
   0
   0
234.00714894856810133
445.10804773437257609
612.63866955781077195
720.19994990032546411
   0
   0
234.00714894856810133
445.10804773437257609
612.63866955781054457
720.19994990032546411
   0
   0
234.00714894856810133
445.10804773437257609
612.63866955781054457
720.19994990032546411
   0
   0
234.00714894856810133
445.10804773437257609
612.63866955781054457
720.19994990032546411
   0
   0
234.00714894856810133
445.10804773437257609
612.63866955781054457
720.19994990032546411
   0
   0
234.00714894856810133
445.10804773437257609
612.63866955781054457
720.19994990032546411
   0
   0
234.00714894856810133
445.10804773437257609
612.63866955781054457
720.19994990032546411
   0
   0
234.00714894856810133
445.10804773437257609
612.63866955781054457
720.19994990032546411
   0
   0
234.00714894856810133
445.10804773437257609
612.63866955781054457
720.19994990032546411
   0
   0
234.00714894856810133
445.10804773437257609
612.63866955781054457
720.19994990032546411
   0
   0
234.00714894856810133
445.10804773437257609
612.63866955781054457
720.19994990032546411
   0
   0
46.801429789713608898
89.021609546874501007
122.52773391156208049
144.03998998006505872
   0
   0
45.612601778053580404
86.77797428899633303
119.4934510641090526
140.40971187446055524
   0
   0
46.801443821129410594
89.021609546874501007
122.53269114096534054
144.03998998006505872
   0
   0
46.801429791705686512
89.021609546874501007
122.52795742450109628
144.03998998006505872
   0
   0
46.801429789714070751
89.021609546874501007
122.52774144408888901
144.03998998006505872
   0
   0
46.801429789713608898
89.021609546874501007
122.52773417362621444
144.03998998006505872
   0
   0
46.801429789713608898
89.021609546874501007
122.52773392092035465
144.03998998006505872
   0
   0
46.801429789713608898
89.021609546874501007
122.52773391190217467
144.03998998006505872
   0
   0
46.801429789713608898
89.021609546874501007
122.52773391157460026
144.03998998006505872
   0
   0
46.801429789713608898
89.021609546874501007
122.52773391156254945
144.03998998006505872
   0
   0
46.801429789713608898
89.021609546874501007
122.5277339115620947
144.03998998006505872
   0
   0
46.801429789713608898
89.021609546874501007
122.52773391156208049
144.03998998006505872
   0
   0
46.801429789713608898
89.021609546874501007
122.52773391156208049
144.03998998006505872
   0
   0
46.801429789713608898
89.021609546874501007
122.52773391156208049
144.03998998006505872
   0
   0
46.801429789713608898
89.021609546874501007
122.52773391156208049
144.03998998006505872
   0
   0
46.801429789713608898
89.021609546874501007
122.52773391156208049
144.03998998006505872
   0
   0
46.801429789713608898
89.021609546874501007
122.52773391156208049
144.03998998006505872
   0
   0
46.801429789713608898
89.021609546874501007
122.52773391156208049
144.03998998006505872
   0
   0
46.801429789713608898
89.021609546874501007
122.52773391156208049
144.03998998006505872
   0
   0
46.801429789713608898
89.021609546874501007
122.52773391156208049
144.03998998006505872
   0
   0
46.801429789713608898
89.021609546874501007
122.52773391156208049
144.03998998006505872
   0
   0
13.040771457446055592
24.805021344239836623
34.141182915113276408
40.135367626646662131
   0
   0
11.859050406206590011
22.507783394659750087
30.814627141036549318
37.770093943501819922
   0
   0
13.040776583370780273
24.805194195995628803
34.147841629619819059
40.092686403456426092
   0
   0
13.040771457759314345
24.805021364143872376
34.141262491649712274
40.134537930682611773
   0
   0
13.040771457446075132
24.805021344242362602
34.141183962311657751
40.135349868819581332
   0
   0
13.040771457446055592
24.805021344239836623
34.141182929537762902
40.135367228845751697
   0
   0
13.040771457446055592
24.805021344239836623
34.141182915317344282
40.135367617494239312
   0
   0
13.040771457446055592
24.805021344239836623
34.141182915116218055
40.135367626432355337
   0
   0
13.040771457446055592
24.805021344239836623
34.141182915113319041
40.135367626641581751
   0
   0
13.040771457446055592
24.805021344239836623
34.141182915113276408
40.135367626646534234
   0
   0
13.040771457446055592
24.805021344239836623
34.141182915113276408
40.135367626646655026
   0
   0
13.040771457446055592
24.805021344239836623
34.141182915113276408
40.135367626646662131
   0
   0
13.040771457446055592
24.805021344239836623
34.141182915113276408
40.135367626646662131
   0
   0
13.040771457446055592
24.805021344239836623
34.141182915113276408
40.135367626646662131
   0
   0
13.040771457446055592
24.805021344239836623
34.141182915113276408
40.135367626646662131
   0
   0
13.040771457446055592
24.805021344239836623
34.141182915113276408
40.135367626646662131
   0
   0
13.040771457446055592
24.805021344239836623
34.141182915113276408
40.135367626646662131
   0
   0
13.040771457446055592
24.805021344239836623
34.141182915113276408
40.135367626646662131
   0
   0
13.040771457446055592
24.805021344239836623
34.141182915113276408
40.135367626646662131
   0
   0
13.040771457446055592
24.805021344239836623
34.141182915113276408
40.135367626646662131
   0
   0
13.040771457446055592
24.805021344239836623
34.141182915113276408
40.135367626646662131
   0
   0
2.6081542914892117402
4.9610042688479687456
6.8282365830226572356
8.0270735253293334921
   0
   0
1.4258737054045560466
2.7173690109698105388
3.3664955255519362076
4.3967954197248388937
   0
   0
2.6081561121453566976
4.9610042688479687456
6.8321482707008245328
8.0270735253293334921
   0
   0
2.6081542914979354286
4.9610042688479687456
6.8282417274306101973
8.0270735253293334921
   0
   0
2.6081542914892117402
4.9610042688479687456
6.8282365904741073592
8.0270735253293334921
   0
   0
2.6081542914892117402
4.9610042688479687456
6.8282365830339557533
8.0270735253293334921
   0
   0
2.6081542914892117402
4.9610042688479687456
6.8282365830226758874
8.0270735253293334921
   0
   0
2.6081542914892117402
4.9610042688479687456
6.8282365830226572356
8.0270735253293334921
   0
   0
2.6081542914892117402
4.9610042688479687456
6.8282365830226572356
8.0270735253293334921
   0
   0
2.6081542914892117402
4.9610042688479687456
6.8282365830226572356
8.0270735253293334921
   0
   0
2.6081542914892117402
4.9610042688479687456
6.8282365830226572356
8.0270735253293334921
   0
   0
2.6081542914892117402
4.9610042688479687456
6.8282365830226572356
8.0270735253293334921
   0
   0
2.6081542914892117402
4.9610042688479687456
6.8282365830226572356
8.0270735253293334921
   0
   0
2.6081542914892117402
4.9610042688479687456
6.8282365830226572356
8.0270735253293334921
   0
   0
2.6081542914892117402
4.9610042688479687456
6.8282365830226572356
8.0270735253293334921
   0
   0
2.6081542914892117402
4.9610042688479687456
6.8282365830226572356
8.0270735253293334921
   0
   0
2.6081542914892117402
4.9610042688479687456
6.8282365830226572356
8.0270735253293334921
   0
   0
2.6081542914892117402
4.9610042688479687456
6.8282365830226572356
8.0270735253293334921
   0
   0
2.6081542914892117402
4.9610042688479687456
6.8282365830226572356
8.0270735253293334921
   0
   0
2.6081542914892117402
4.9610042688479687456
6.8282365830226572356
8.0270735253293334921
   0
   0
2.6081542914892117402
4.9610042688479687456
6.8282365830226572356
8.0270735253293334921
   0
   0
   0
   0
   0
   0
   0
   0
   0
   0
   0
   0
   0
   0
   0
   0
   0
   0
   0
   0
   0
   0
   0
   0
   0
   0
   0
   0
   0
   0
   0
   0
   0
   0
   0
   0
   0
   0
   0
   0
   0
   0
   0
   0
   0
   0
   0
   0
   0
   0
   0
   0
   0
   0
   0
   0
   0
   0
   0
   0
   0
   0
   0
   0
   0
   0
   0
   0
   0
   0
   0
   0
   0
   0
   0
   0
   0
   0
   0
   0
   0
   0
   0
   0
   0
   0
   0
   0
   0
   0
   0
   0
   0
   0
   0
   0
   0
   0
   0
   0
   0
   0
   0
   0
   0
   0
   0
   0
   0
   0
   0
   0
   0
   0
   0
   0
   0
   0
   0
   0
   0
   0
   0
   0
   0
   0
   0
   0
   0
   0
   0
   0
   0
   0
   0
   0
   0
   0
   0
   0
   0
   0
   0
   0
   0
   0
   0
   0
   0
   0
   0
   0
   0
   0
   0
   0
   0
   0
   0
   0
   0
   0
   0
   0
   0
   0
   0
   0
   0
   0
   0
   0
   0
   0
   0
   0
   0
   0
   0
   0
   0
   0
   0
   0
   0
   0
   0
   0
   0
   0
   0
   0
   0
   0
   0
   0
   0
   0
   0
   0
   0
   0
   0
   0
   0
   0
   0
   0
   0
   0
   0
   0
   0
   0
   0
   0
   0
   0
   0
   0
   0
   0
   0
   0
   0
   0
   0
   0
   0
   0
   0
   0
   0
   0
   0
   0
   0
   0
   0
   0
   0
   0
   0
   0
   0
   0
   0
   0
   0
   0
   0
   0
   0
   0
   0
   0
   0
   0
   0
   0
   0
   0
   0
   0
   0
   0
   0
   0
   0
   0
   0
   0
   0
   0
   0
   0
   0
   0
   0
   0
   0
   0
   0
   0
   0
   0
   0
   0
   0
   0
   0
   0
   0
   0
   0
   0
   0
   0
   0
   0
   0
   0
   0
   0
   0
   0
   0
   0
   0
   0
   0
   0
   0
   0
   0
   0
   0
   0
   0
   0
   0
   0
   0
   0
   0
   0
   0
   0
   0
   0
   0
   0
   0
   0
   0
   0
   0
   0
   0
   0
   0
   0
   0
   0
   0
   0
   0
   0
   0
   0
   0
   0
   0
   0
   0
   0
   0
   0
   0
   0
   0
   0
   0
   0
   0
   0
   0
   0
   0
   0
   0
   0
   0
   0
   0
   0
   0
   0
   0
   0
   0
   0
   0
   0
   0
   0
   0
   0
   0
   0
   0
   0
   0
   0
   0
   0
   0
   0
   0
   0
   0
   0
   0
   0
   0
   0
   0
   0
   0
   0
   0
   0
   0
   0
   0
   0
   0
   0
   0
   0
   0
   0
   0
   0
   0
   0
   0
   0
   0
   0
   0
   0
   0
   0
   0
   0
   0
   0
   0
   0
   0
   0
   0
   0
   0
   0
   0
   0
   0
   0
   0
   0
   0
   0
   0
   0
   0
   0
   0
   0
   0
   0
   0
   0
   0
   0
   0
   0
   0
   0
   0
   0
   0
   0
   0
   0
   0
   0
   0
   0
   0
   0
   0
   0
   0
   0
   0
   0
   0
   0
   0
   0
   0
   0
   0
   0
   0
   0
   0
   0
   0
   0
   0
   0
   0
   0
   0
   0
   0
   0
   0
   0
   0
   0
   0
   0
   0
   0
   0
   0
   0
   0
   0
   0
   0
   0
   0
   0
   0
   0
   0
   0
   0
   0
   0
   0
   0
   0
   0
   0
   0
   0
   0
   0
   0
   0
   0
   0
   0
   0
   0
   0
   0
   0
   0
   0
   0
   0
   0
   0
   0
   0
   0
   0
   0
   0
   0
   0
   0
   0
   0
   0
   0
   0
   0
   0
   0
   0
   0
   0
   0
   0
   0
   0
   0
   0
   0
   0
   0
   0
   0
   0
   0
   0
   0
   0
   0
   0
   0
   0
   0
   0
   0
   0
   0
   0
   0
   0
   0
   0
   0
   0
   0
   0
   0
   0
   0
   0
   0
   0
   0
   0
   0
   0
   0
   0
   0
   0
   0
   0
   0
   0
   0
   0
   0
   0
   0
   0
   0
   0
   0
   0
   0
   0
   0
   0
   0
   0
   0
   0
   0
   0
   0
   0
   0
   0
   0
   0
   0
   0
   0
   0
   0
   0
   0
   0
   0
   0
   0
   0
   0
   0
   0
   0
   0
   0
   0
   0
   0
   0
   0
   0
   0
   0
   0
   0
   0
   0
   0
   0
   0
   0
   0
   0
   0
   0
   0
   0
   0
   0
   0
   0
   0
   0
   0
   0
   0
   0
   0
   0
   0
   0
   0
   0
   0
   0
   0
   0
   0
   0
   0
   0
   0
   0
   0
   0
   0
   0
   0
   0
   0
   0
   0
   0
   0
   0
   0
   0
   0
   0
   0
   0
   0
   0
   0
   0
   0
   0
   0
   0
   0
   0
   0
   0
   0
   0
   0
   0
   0
   0
   0
   0
   0
   0
   0
   0
   0
   0
   0
   0
   0
   0
   0
   0
   0
   0
   0
   0
   0
   0
   0
   0
   0
   0
   0
   0
   0
   0
   0
   0
   0
   0
   0
   0
   0
   0
   0
   0
   0
   0
   0
   0
   0
   0
   0
   0
   0
   0
   0
   0
   0
   0
   0
   0
   0
   0
   0
   0
   0
   0
   0
   0
   0
   0
   0
   0
   0
   0
   0
   0
   0
   0
   0
   0
   0
   0
   0
   0
   0
   0
   0
   0
   0
   0
   0
   0
   0
   0
   0
   0
   0
   0
   0
   0
   0
   0
   0
   0
   0
   0
   0
   0
   0
   0
   0
   0
   0
   0
   0
   0
   0
   0
   0
   0
   0
   0
   0
   0
   0
   0
   0
   0
   0
   0
   0
   0
   0
   0
   0
   0
  -0
  -0
  -0
  -0
   0
   0
   0
   0
   0
   0
   0
   0
   0
   0
   0
   0
   0
   0
   0
   0
   0
   0
   0
   0
   0
   0
   0
   0
   0
   0
   0
   0
   0
   0
   0
   0
   0
   0
   0
   0
   0
   0
   0
   0
   0
   0
   0
   0
   0
   0
   0
   0
   0
   0
   0
   0
   0
   0
   0
   0
   0
   0
   0
   0
   0
   0
   0
   0
   0
   0
   0
   0
   0
   0
   0
   0
   0
   0
   0
   0
   0
   0
   0
   0
   0
   0
   0
   0
   0
   0
   0
   0
   0
   0
   0
   0
   0
   0
   0
   0
   0
   0
   0
   0
   0
   0
   0
   0
   0
   0
   0
   0
   0
   0
   0
   0
   0
   0
   0
   0
   0
   0
   0
   0
   0
   0
  -0
  -0
  -0
  -0
   0
   0
   0
   0
   0
   0
   0
   0
   0
   0
   0
   0
   0
   0
   0
   0
   0
   0
   0
   0
   0
   0
   0
   0
   0
   0
   0
   0
   0
   0
   0
   0
   0
   0
   0
   0
   0
   0
   0
   0
   0
   0
   0
   0
   0
   0
   0
   0
   0
   0
   0
   0
   0
   0
   0
   0
   0
   0
   0
   0
   0
   0
   0
   0
   0
   0
   0
   0
   0
   0
   0
   0
   0
   0
   0
   0
   0
   0
   0
   0
   0
   0
   0
   0
   0
   0
   0
   0
   0
   0
   0
   0
   0
   0
   0
   0
   0
   0
   0
   0
   0
   0
   0
   0
   0
   0
   0
   0
   0
   0
   0
   0
   0
   0
   0
   0
   0
   0
   0
   0
   0
   0
  -0
  -0
  -0
  -0
   0
   0
   0
   0
   0
   0
   0
   0
   0
   0
   0
   0
   0
   0
   0
   0
   0
   0
   0
   0
   0
   0
   0
   0
   0
   0
   0
   0
   0
   0
   0
   0
   0
   0
   0
   0
   0
   0
   0
   0
   0
   0
   0
   0
   0
   0
   0
   0
   0
   0
   0
   0
   0
   0
   0
   0
   0
   0
   0
   0
   0
   0
   0
   0
   0
   0
   0
   0
   0
   0
   0
   0
   0
   0
   0
   0
   0
   0
   0
   0
   0
   0
   0
   0
   0
   0
   0
   0
   0
   0
   0
   0
   0
   0
   0
   0
   0
   0
   0
   0
   0
   0
   0
   0
   0
   0
   0
   0
   0
   0
   0
   0
   0
   0
   0
   0
   0
   0
   0
   0
   0
   0
  -0
  -0
  -0
  -0
   0
   0
   0
   0
   0
   0
   0
   0
   0
   0
   0
   0
   0
   0
   0
   0
   0
   0
   0
   0
   0
   0
   0
   0
   0
   0
   0
   0
   0
   0
   0
   0
   0
   0
   0
   0
   0
   0
   0
   0
   0
   0
   0
   0
   0
   0
   0
   0
   0
   0
   0
   0
   0
   0
   0
   0
   0
   0
   0
   0
   0
   0
   0
   0
   0
   0
   0
   0
   0
   0
   0
   0
   0
   0
   0
   0
   0
   0
   0
   0
   0
   0
   0
   0
   0
   0
   0
   0
   0
   0
   0
   0
   0
   0
   0
   0
   0
   0
   0
   0
   0
   0
   0
   0
   0
   0
   0
   0
   0
   0
   0
   0
   0
   0
   0
   0
   0
   0
   0
   0
   0
   0
  -0
  -0
  -0
  -0
   0
   0
   0
   0
   0
   0
   0
   0
   0
   0
   0
   0
   0
   0
   0
   0
   0
   0
   0
   0
   0
   0
   0
   0
   0
   0
   0
   0
   0
   0
   0
   0
   0
   0
   0
   0
   0
   0
   0
   0
   0
   0
   0
   0
   0
   0
   0
   0
   0
   0
   0
   0
   0
   0
   0
   0
   0
   0
   0
   0
   0
   0
   0
   0
   0
   0
   0
   0
   0
   0
   0
   0
   0
   0
   0
   0
   0
   0
   0
   0
   0
   0
   0
   0
   0
   0
   0
   0
   0
   0
   0
   0
   0
   0
   0
   0
   0
   0
   0
   0
   0
   0
   0
   0
   0
   0
   0
   0
   0
   0
   0
   0
   0
   0
   0
   0
   0
   0
   0
   0
   0
   0
   0
   0
   0
   0
   0
   0
   0
   0
   0
   0
   0
   0
   0
   0
   0
   0
   0
   0
   0
   0
   0
   0
   0
   0
   0
   0
   0
   0
   0
   0
   0
   0
   0
   0
   0
   0
   0
   0
   0
   0
   0
   0
   0
   0
   0
   0
   0
   0
   0
   0
   0
   0
   0
   0
   0
   0
   0
   0
   0
   0
   0
   0
   0
   0
   0
   0
   0
   0
   0
   0
   0
   0
   0
   0
   0
   0
   0
   0
   0
   0
   0
   0
   0
   0
   0
   0
   0
   0
   0
   0
   0
   0
   0
   0
   0
   0
   0
   0
   0
   0
   0
   0
   0
   0
   0
   0
   0
   0
   0
   0
   0
   0
   0
   0
   0
   0
   0
   0
   0
   0
   0
   0
   0
   0
   0
   0
  -0
  -0
  -0
  -0
   0
   0
   0
   0
   0
   0
   0
   0
   0
   0
   0
   0
   0
   0
   0
   0
   0
   0
   0
   0
   0
   0
   0
   0
   0
   0
   0
   0
   0
   0
   0
   0
   0
   0
   0
   0
   0
   0
   0
   0
   0
   0
   0
   0
   0
   0
   0
   0
   0
   0
   0
   0
   0
   0
   0
   0
   0
   0
   0
   0
   0
   0
   0
   0
   0
   0
   0
   0
   0
   0
   0
   0
   0
   0
   0
   0
   0
   0
   0
   0
   0
   0
   0
   0
   0
   0
   0
   0
   0
   0
   0
   0
   0
   0
   0
   0
   0
   0
   0
   0
   0
   0
   0
   0
   0
   0
   0
   0
   0
   0
   0
   0
   0
   0
   0
   0
1.7277281053629908745e-68
   0
   0
   0
   0
   0
-0.002833131464403898167
  -0
  -0
  -0
   0
   0
1.6701382624144341565e-05
   0
   0
   0
   0
   0
6.6131430840119300356e-09
   0
   0
   0
   0
   0
2.8840634189690634028e-12
   0
   0
   0
   0
   0
1.316628251661852621e-15
   0
   0
   0
   0
   0
6.1736605899101254251e-19
   0
   0
   0
   0
   0
2.9461747011216683431e-22
   0
   0
   0
   0
   0
1.4235659576884012645e-25
   0
   0
   0
   0
   0
6.9426065042693833538e-29
   0
   0
   0
   0
   0
3.4102284435395586603e-32
   0
   0
   0
   0
   0
1.6847202932096142008e-35
   0
   0
   0
   0
   0
8.361765221871972729e-39
   0
   0
   0
   0
   0
4.1663162274944855038e-42
   0
   0
   0
   0
   0
2.0827091969049284462e-45
   0
   0
   0
   0
   0
1.0440515847812462622e-48
   0
   0
   0
   0
   0
5.2464847764217459759e-52
   0
   0
   0
   0
   0
2.6420146575275658335e-55
   0
   0
   0
   0
   0
1.3329480195380225475e-58
   0
   0
   0
   0
   0
6.7361471771744387486e-62
   0
   0
   0
   0
   0
3.4092112147071882592e-65
   0
   0
   0
   0
   0
7.7160592280430184937e-74
2.2558610284820932466e-43
   0
   0
   0
   0
-0.0023301184987679192731
-0.010949681834915325415
  -0
  -0
   0
   0
1.0147725538766723581e-05
0.00024774368112258327804
   0
   0
   0
   0
2.1568866183578109666e-09
1.786436452770650105e-06
   0
   0
   0
   0
5.0492719438740955325e-13
1.4185995799483232899e-08
   0
   0
   0
   0
1.2373490179936058577e-16
1.1791623434390892387e-10
   0
   0
   0
   0
3.1144197572578330309e-20
1.006697620849575822e-12
   0
   0
   0
   0
7.9780799112625126309e-24
8.746923775908292728e-15
   0
   0
   0
   0
2.0692980904399457794e-27
7.6950551974073827266e-17
   0
   0
   0
   0
5.4171847575108365584e-31
6.8326921977794922979e-19
   0
   0
   0
   0
1.4283684302901361329e-34
6.110636615318866593e-21
   0
   0
   0
   0
3.787828258585750216e-38
5.4962110974635394331e-23
   0
   0
   0
   0
1.0091742609761685065e-41
4.9666708960108152475e-25
   0
   0
   0
   0
2.6991446881443674212e-45
4.5055815284735506162e-27
   0
   0
   0
   0
7.2428305108104793766e-49
4.1006999224401433262e-29
   0
   0
   0
   0
1.9489801093877295999e-52
3.7426711206655427128e-31
   0
   0
   0
   0
5.2572621999384616161e-56
3.4241925133128186191e-33
   0
   0
   0
   0
1.4211248067100640187e-59
3.1394587018630098173e-35
   0
   0
   0
   0
3.8487171430150683943e-63
2.8837815018980751667e-37
   0
   0
   0
   0
1.044047206123287098e-66
2.6533229642890567287e-39
   0
   0
   0
   0
2.8364051680795845428e-70
2.4449034766445629475e-41
   0
   0
   0
   0
2.2139285355847538204e-84
   0
2.2945496652684165092e-27
   0
   0
   0
-0.0023791799444553536971
  -0
-0.03447205028557107781
  -0
   0
   0
5.6143737398897281834e-06
   0
0.0015429995993665576639
   0
   0
   0
3.4311011947272078481e-10
   0
7.0396666673381099897e-05
   0
   0
   0
2.3094564264346473248e-14
   0
3.5343512748080305239e-06
   0
   0
   0
1.6272282289381809042e-18
   0
1.8569138351384184822e-07
   0
   0
   0
1.1776299680899949622e-22
   0
1.0019112168500801418e-08
   0
   0
   0
8.6737250997403123075e-27
   0
5.50131186789053988e-10
   0
   0
   0
6.4685355450034550948e-31
   0
3.0583286699447882737e-11
   0
   0
   0
4.8689156099151323966e-35
   0
1.7159834963337823732e-12
   0
   0
   0
3.6912593700003496507e-39
   0
9.6972315495497679307e-14
   0
   0
   0
2.8144941018389682465e-43
   0
5.5113556550167322111e-15
   0
   0
   0
2.1560160503258353587e-47
   0
3.1469469483156511593e-16
   0
   0
   0
1.658012362774395742e-51
   0
1.8038494320524556352e-17
   0
   0
   0
1.2792213712857732946e-55
   0
1.0373611733505231306e-18
   0
   0
   0
9.8973877326019366199e-60
   0
5.9823797911408105305e-20
   0
   0
   0
7.6762412431163694549e-64
   0
3.458350287083704527e-21
   0
   0
   0
5.9661889523144789775e-68
   0
2.0034687584631062545e-22
   0
   0
   0
4.6457580463935519995e-72
   0
1.162802348808725785e-23
   0
   0
   0
3.6235690634886394199e-76
   0
6.7600260071587425382e-25
   0
   0
   0
2.8304826237765219458e-80
   0
3.9358069086743280126e-26
   0
   0
   0
3.8609158730797801384e-106
   0
   0
8.3599101400114280009e-15
   0
   0
-0.0014960164132532215425
  -0
  -0
-0.071490586846980286317
   0
   0
9.9707317166267763811e-07
   0
   0
0.0036740403773152028981
   0
   0
4.7772681790476629812e-12
   0
   0
0.00073811839513935456874
   0
   0
2.5210223475167276725e-17
   0
   0
0.00016262132844764009827
   0
   0
1.3926320461917796328e-22
   0
   0
3.7444066338536175246e-05
   0
   0
7.9016508252263867338e-28
   0
   0
8.8484178682231041111e-06
   0
   0
4.5628453879751057342e-33
   0
   0
2.1271147982797644286e-06
   0
   0
2.6678242064438587166e-38
   0
   0
5.1760674322468621426e-07
   0
   0
1.5743621684477505022e-43
   0
   0
1.2710293870517256748e-07
   0
   0
9.3576787270028140994e-49
   0
   0
3.143200533197653586e-08
   0
   0
5.5939050465784506013e-54
   0
   0
7.816855228838957175e-09
   0
   0
3.359602706718827193e-59
   0
   0
1.9529360578175037078e-09
   0
   0
2.0255589542361135316e-64
   0
   0
4.8978465596842200548e-10
   0
   0
1.2252480618482289433e-69
   0
   0
1.2323285622607227878e-10
   0
   0
7.4322464049781764816e-75
   0
   0
3.1092126939774607506e-11
   0
   0
4.5192808406201015676e-80
   0
   0
7.8634993490599445698e-12
   0
   0
2.7538413780589640638e-85
   0
   0
1.9929300542601325243e-12
   0
   0
1.6812012691764433519e-90
   0
   0
5.0602442456273622119e-13
   0
   0
1.0280657003151022801e-95
   0
   0
1.2869585689954910731e-13
   0
   0
6.296018947206655868e-101
   0
   0
3.2779018829684179656e-14
   0
   0
   0
   0
   0
   0
   0
   0
   0
   0
   0
   0
   0
   0
   0
   0
   0
   0
   0
   0
   0
   0
   0
   0
   0
   0
   0
   0
   0
   0
   0
   0
   0
   0
   0
   0
   0
   0
   0
   0
   0
   0
   0
   0
   0
   0
   0
   0
   0
   0
   0
   0
   0
   0
   0
   0
   0
   0
   0
   0
   0
   0
   0
   0
   0
   0
   0
   0
   0
   0
   0
   0
   0
   0
   0
   0
   0
   0
   0
   0
   0
   0
   0
   0
   0
   0
   0
   0
   0
   0
   0
   0
   0
   0
   0
   0
   0
   0
   0
   0
   0
   0
   0
   0
   0
   0
   0
   0
   0
   0
   0
   0
   0
   0
   0
   0
   0
   0
   0
   0
   0
   0
   0
   0
   0
   0
   0
   0
   0
   0
   0
   0
   0
   0
  -0
  -0
  -0
  -0
   0
   0
   0
   0
   0
   0
   0
   0
   0
   0
   0
   0
   0
   0
   0
   0
   0
   0
   0
   0
   0
   0
   0
   0
   0
   0
   0
   0
   0
   0
   0
   0
   0
   0
   0
   0
   0
   0
   0
   0
   0
   0
   0
   0
   0
   0
   0
   0
   0
   0
   0
   0
   0
   0
   0
   0
   0
   0
   0
   0
   0
   0
   0
   0
   0
   0
   0
   0
   0
   0
   0
   0
   0
   0
   0
   0
   0
   0
   0
   0
   0
   0
   0
   0
   0
   0
   0
   0
   0
   0
   0
   0
   0
   0
   0
   0
   0
   0
   0
   0
   0
   0
   0
   0
   0
   0
   0
   0
   0
   0
   0
   0
   0
   0
   0
   0
7.7160592280430184937e-74
2.2558610284820932466e-43
   0
   0
   0
   0
-0.0023301184987679192731
-0.010949681834915325415
  -0
  -0
   0
   0
1.0147725538766723581e-05
0.00024774368112258327804
   0
   0
   0
   0
2.1568866183578109666e-09
1.786436452770650105e-06
   0
   0
   0
   0
5.0492719438740955325e-13
1.4185995799483232899e-08
   0
   0
   0
   0
1.2373490179936058577e-16
1.1791623434390892387e-10
   0
   0
   0
   0
3.1144197572578330309e-20
1.006697620849575822e-12
   0
   0
   0
   0
7.9780799112625126309e-24
8.746923775908292728e-15
   0
   0
   0
   0
2.0692980904399457794e-27
7.6950551974073827266e-17
   0
   0
   0
   0
5.4171847575108365584e-31
6.8326921977794922979e-19
   0
   0
   0
   0
1.4283684302901361329e-34
6.110636615318866593e-21
   0
   0
   0
   0
3.787828258585750216e-38
5.4962110974635394331e-23
   0
   0
   0
   0
1.0091742609761685065e-41
4.9666708960108152475e-25
   0
   0
   0
   0
2.6991446881443674212e-45
4.5055815284735506162e-27
   0
   0
   0
   0
7.2428305108104793766e-49
4.1006999224401433262e-29
   0
   0
   0
   0
1.9489801093877295999e-52
3.7426711206655427128e-31
   0
   0
   0
   0
5.2572621999384616161e-56
3.4241925133128186191e-33
   0
   0
   0
   0
1.4211248067100640187e-59
3.1394587018630098173e-35
   0
   0
   0
   0
3.8487171430150683943e-63
2.8837815018980751667e-37
   0
   0
   0
   0
1.044047206123287098e-66
2.6533229642890567287e-39
   0
   0
   0
   0
2.8364051680795845428e-70
2.4449034766445629475e-41
   0
   0
   0
   0
   0
1.9383607676096231009e-47
   0
   0
   0
   0
  -0
-0.037847534220750100875
  -0
  -0
   0
   0
   0
0.00067445072171479724093
   0
   0
   0
   0
   0
2.8184501121602709931e-06
   0
   0
   0
   0
   0
1.2971252054987795785e-08
   0
   0
   0
   0
   0
6.2489042926817475488e-11
   0
   0
   0
   0
   0
3.0920163217408278949e-13
   0
   0
   0
   0
   0
1.5570871175134813876e-15
   0
   0
   0
   0
   0
7.9393618586571226288e-18
   0
   0
   0
   0
   0
4.0858550629479893754e-20
   0
   0
   0
   0
   0
2.1178512934061759874e-22
   0
   0
   0
   0
   0
1.1040552077544879842e-24
   0
   0
   0
   0
   0
5.7824449416656960317e-27
   0
   0
   0
   0
   0
3.0402968109770028796e-29
   0
   0
   0
   0
   0
1.6037709491695340145e-31
   0
   0
   0
   0
   0
8.4837020733380134604e-34
   0
   0
   0
   0
   0
4.4986421024108116816e-36
   0
   0
   0
   0
   0
2.3905491895715708846e-38
   0
   0
   0
   0
   0
1.2726969258710430158e-40
   0
   0
   0
   0
   0
6.7869175175454941946e-43
   0
   0
   0
   0
   0
3.6246330996606956147e-45
   0
   0
   0
   0
   0
2.4057615947241907826e-57
1.4865091486179528383e-30
   0
   0
   0
  -0
-0.020694726986599933788
-0.064557029584309269521
  -0
   0
   0
   0
0.00021818024137415566329
0.0025443843399062075761
   0
   0
   0
   0
2.912442897114463717e-07
7.6790530608921155433e-05
   0
   0
   0
   0
4.2818691327524095453e-10
2.5511338432351927454e-06
   0
   0
   0
   0
6.5897373014406648959e-13
8.8701565693987718433e-08
   0
   0
   0
   0
1.0416521667392527952e-15
3.1674362134594912595e-09
   0
   0
   0
   0
1.6757637086738181389e-18
1.1510571738456759514e-10
   0
   0
   0
   0
2.7296423419333756949e-21
4.235207551097170955e-12
   0
   0
   0
   0
4.4877047605976820536e-24
1.5727828970661215801e-13
   0
   0
   0
   0
7.4311935150148245172e-27
5.8826388123723042174e-15
   0
   0
   0
   0
1.2375881184372552757e-29
2.2128614087529380356e-16
   0
   0
   0
   0
2.0707106170092875606e-32
8.3629308515281245357e-18
   0
   0
   0
   0
3.4781371610952992348e-35
3.1728107330182599818e-19
   0
   0
   0
   0
5.8613287055496746037e-38
1.2076743306475810785e-20
   0
   0
   0
   0
9.9051787241955165675e-41
4.6096793985693577128e-22
   0
   0
   0
   0
1.67796018200883219e-43
1.7637757536852231935e-23
   0
   0
   0
   0
2.8485332723281630035e-46
6.7629352524943734524e-25
   0
   0
   0
   0
4.8447581183418917567e-49
2.5979891705232513381e-26
   0
   0
   0
   0
8.2535966315958498813e-52
9.9967542563874448179e-28
   0
   0
   0
   0
1.4081805721076405136e-54
3.8523347078118938362e-29
   0
   0
   0
   0
2.9761610362385107187e-78
   0
2.4850454849714741438e-16
   0
   0
  -0
-0.013859666278786302723
  -0
-0.14795825991582797765
   0
   0
   0
4.4693047586217905288e-05
   0
0.0078731760594273544895
   0
   0
   0
5.1464445985786858306e-09
   0
0.001260726379455390277
   0
   0
   0
6.5270696243939035615e-13
   0
0.00022161308613622733577
   0
   0
   0
8.6654572294053701157e-17
   0
4.0727825746940339493e-05
   0
   0
   0
1.181643111796368211e-20
   0
7.6832776066034093971e-06
   0
   0
   0
1.6399007180767180938e-24
   0
1.474657726906996111e-06
   0
   0
   0
2.3043703005468493669e-28
   0
2.8651589154458545818e-07
   0
   0
   0
3.2682323819881616509e-32
   0
5.617876892501367416e-08
   0
   0
   0
4.6686316874881965647e-36
   0
1.1093538111250703486e-08
   0
   0
   0
6.7073312493149142228e-40
   0
2.2030342743713953735e-09
   0
   0
   0
9.6813463351417303585e-44
   0
4.3951709765738940596e-10
   0
   0
   0
1.4028327028113685496e-47
   0
8.8023201191905491512e-11
   0
   0
   0
2.0393800651831348894e-51
   0
1.7685900777925083958e-11
   0
   0
   0
2.9730854465678727233e-55
   0
3.563389949635812124e-12
   0
   0
   0
4.344799729545629784e-59
   0
7.1968742994685304657e-13
   0
   0
   0
6.3628617970615373501e-63
   0
1.4565910811463097239e-13
   0
   0
   0
9.3356897794734648892e-67
   0
2.9534973401745688202e-14
   0
   0
   0
1.3720208248839032995e-70
   0
5.9986131921135517163e-15
   0
   0
   0
2.0193843582321265932e-74
   0
1.2201264802519446318e-15
   0
   0
   0
   0
   0
   0
   0
   0
   0
   0
   0
   0
   0
   0
   0
   0
   0
   0
   0
   0
   0
   0
   0
   0
   0
   0
   0
   0
   0
   0
   0
   0
   0
   0
   0
   0
   0
   0
   0
   0
   0
   0
   0
   0
   0
   0
   0
   0
   0
   0
   0
   0
   0
   0
   0
   0
   0
   0
   0
   0
   0
   0
   0
   0
   0
   0
   0
   0
   0
   0
   0
   0
   0
   0
   0
   0
   0
   0
   0
   0
   0
   0
   0
   0
   0
   0
   0
   0
   0
   0
   0
   0
   0
   0
   0
   0
   0
   0
   0
   0
   0
   0
   0
   0
   0
   0
   0
   0
   0
   0
   0
   0
   0
   0
   0
   0
   0
   0
   0
   0
   0
   0
   0
   0
   0
   0
   0
   0
   0
   0
   0
   0
   0
   0
  -0
  -0
  -0
  -0
   0
   0
   0
   0
   0
   0
   0
   0
   0
   0
   0
   0
   0
   0
   0
   0
   0
   0
   0
   0
   0
   0
   0
   0
   0
   0
   0
   0
   0
   0
   0
   0
   0
   0
   0
   0
   0
   0
   0
   0
   0
   0
   0
   0
   0
   0
   0
   0
   0
   0
   0
   0
   0
   0
   0
   0
   0
   0
   0
   0
   0
   0
   0
   0
   0
   0
   0
   0
   0
   0
   0
   0
   0
   0
   0
   0
   0
   0
   0
   0
   0
   0
   0
   0
   0
   0
   0
   0
   0
   0
   0
   0
   0
   0
   0
   0
   0
   0
   0
   0
   0
   0
   0
   0
   0
   0
   0
   0
   0
   0
   0
   0
   0
   0
   0
   0
2.2139285355847538204e-84
   0
2.2945496652684165092e-27
   0
   0
   0
-0.0023791799444553536971
  -0
-0.03447205028557107781
  -0
   0
   0
5.6143737398897281834e-06
   0
0.0015429995993665576639
   0
   0
   0
3.4311011947272078481e-10
   0
7.0396666673381099897e-05
   0
   0
   0
2.3094564264346473248e-14
   0
3.5343512748080305239e-06
   0
   0
   0
1.6272282289381809042e-18
   0
1.8569138351384184822e-07
   0
   0
   0
1.1776299680899949622e-22
   0
1.0019112168500801418e-08
   0
   0
   0
8.6737250997403123075e-27
   0
5.50131186789053988e-10
   0
   0
   0
6.4685355450034550948e-31
   0
3.0583286699447882737e-11
   0
   0
   0
4.8689156099151323966e-35
   0
1.7159834963337823732e-12
   0
   0
   0
3.6912593700003496507e-39
   0
9.6972315495497679307e-14
   0
   0
   0
2.8144941018389682465e-43
   0
5.5113556550167322111e-15
   0
   0
   0
2.1560160503258353587e-47
   0
3.1469469483156511593e-16
   0
   0
   0
1.658012362774395742e-51
   0
1.8038494320524556352e-17
   0
   0
   0
1.2792213712857732946e-55
   0
1.0373611733505231306e-18
   0
   0
   0
9.8973877326019366199e-60
   0
5.9823797911408105305e-20
   0
   0
   0
7.6762412431163694549e-64
   0
3.458350287083704527e-21
   0
   0
   0
5.9661889523144789775e-68
   0
2.0034687584631062545e-22
   0
   0
   0
4.6457580463935519995e-72
   0
1.162802348808725785e-23
   0
   0
   0
3.6235690634886394199e-76
   0
6.7600260071587425382e-25
   0
   0
   0
2.8304826237765219458e-80
   0
3.9358069086743280126e-26
   0
   0
   0
   0
2.4057615947241907826e-57
1.4865091486179528383e-30
   0
   0
   0
  -0
-0.020694726986599933788
-0.064557029584309269521
  -0
   0
   0
   0
0.00021818024137415566329
0.0025443843399062075761
   0
   0
   0
   0
2.912442897114463717e-07
7.6790530608921155433e-05
   0
   0
   0
   0
4.2818691327524095453e-10
2.5511338432351927454e-06
   0
   0
   0
   0
6.5897373014406648959e-13
8.8701565693987718433e-08
   0
   0
   0
   0
1.0416521667392527952e-15
3.1674362134594912595e-09
   0
   0
   0
   0
1.6757637086738181389e-18
1.1510571738456759514e-10
   0
   0
   0
   0
2.7296423419333756949e-21
4.235207551097170955e-12
   0
   0
   0
   0
4.4877047605976820536e-24
1.5727828970661215801e-13
   0
   0
   0
   0
7.4311935150148245172e-27
5.8826388123723042174e-15
   0
   0
   0
   0
1.2375881184372552757e-29
2.2128614087529380356e-16
   0
   0
   0
   0
2.0707106170092875606e-32
8.3629308515281245357e-18
   0
   0
   0
   0
3.4781371610952992348e-35
3.1728107330182599818e-19
   0
   0
   0
   0
5.8613287055496746037e-38
1.2076743306475810785e-20
   0
   0
   0
   0
9.9051787241955165675e-41
4.6096793985693577128e-22
   0
   0
   0
   0
1.67796018200883219e-43
1.7637757536852231935e-23
   0
   0
   0
   0
2.8485332723281630035e-46
6.7629352524943734524e-25
   0
   0
   0
   0
4.8447581183418917567e-49
2.5979891705232513381e-26
   0
   0
   0
   0
8.2535966315958498813e-52
9.9967542563874448179e-28
   0
   0
   0
   0
1.4081805721076405136e-54
3.8523347078118938362e-29
   0
   0
   0
   0
   0
6.0373962395583137962e-38
   0
   0
   0
  -0
  -0
-0.1614176833813924794
  -0
   0
   0
   0
   0
0.0045074596726490225376
   0
   0
   0
   0
   0
5.3867458727852556011e-05
   0
   0
   0
   0
   0
7.0887623480261377463e-07
   0
   0
   0
   0
   0
9.7643164117333391672e-09
   0
   0
   0
   0
   0
1.3813960904613155371e-10
   0
   0
   0
   0
   0
1.988940199473728468e-12
   0
   0
   0
   0
   0
2.8994994855142363107e-14
   0
   0
   0
   0
   0
4.2662525460625808364e-16
   0
   0
   0
   0
   0
6.3224226619680321986e-18
   0
   0
   0
   0
   0
9.4232797435250898056e-20
   0
   0
   0
   0
   0
1.4110588086077923325e-21
   0
   0
   0
   0
   0
2.1211491443079103496e-23
   0
   0
   0
   0
   0
3.1990323444285424694e-25
   0
   0
   0
   0
   0
4.8381834081794372834e-27
   0
   0
   0
   0
   0
7.3349750255002024578e-29
   0
   0
   0
   0
   0
1.1143839986065888169e-30
   0
   0
   0
   0
   0
1.6962190015926159257e-32
   0
   0
   0
   0
   0
2.5861222066721996528e-34
   0
   0
   0
   0
   0
3.9487523383584735273e-36
   0
   0
   0
   0
   0
5.4997501444125164367e-57
1.1776574737058337054e-20
   0
   0
  -0
  -0
-0.063232042818592709699
-0.22874984220652924694
   0
   0
   0
   0
0.00066198116933840795047
0.01192595802851952741
   0
   0
   0
   0
8.7059639532573438076e-07
0.0011035439633477936959
   0
   0
   0
   0
1.2610207101870860379e-09
0.00011226502108810039232
   0
   0
   0
   0
1.9119933294253509624e-12
1.1947283162323603495e-05
   0
   0
   0
   0
2.977628149400254857e-15
1.3054931817854656929e-06
   0
   0
   0
   0
4.7194349570211279692e-18
1.451569381392890302e-07
   0
   0
   0
   0
7.5737761351468352829e-21
1.6340152038565673017e-08
   0
   0
   0
   0
1.2267625096934681278e-23
1.8563866989702590058e-09
   0
   0
   0
   0
2.0013557472300100994e-26
2.1240987457172083244e-10
   0
   0
   0
   0
3.2837596362447416295e-29
2.4442658084452508379e-11
   0
   0
   0
   0
5.4130762998043161658e-32
2.8257654015830530003e-12
   0
   0
   0
   0
8.9577915938216151881e-35
3.2794330591481893794e-13
   0
   0
   0
   0
1.4872358300058210317e-37
3.8183563508589761369e-14
   0
   0
   0
   0
2.4761422592514146116e-40
4.4582598713379041653e-15
   0
   0
   0
   0
4.1326101819287447216e-43
5.2179851408579401724e-16
   0
   0
   0
   0
6.9118388259169349518e-46
6.1200766367523251356e-17
   0
   0
   0
   0
1.1581742926300368607e-48
7.1914907136268147625e-18
   0
   0
   0
   0
1.9439029483358579546e-51
8.464449285977062227e-19
   0
   0
   0
   0
3.2675271385064303216e-54
9.9774655109834825207e-20
   0
   0
   0
   0
   0
   0
   0
   0
   0
   0
   0
   0
   0
   0
   0
   0
   0
   0
   0
   0
   0
   0
   0
   0
   0
   0
   0
   0
   0
   0
   0
   0
   0
   0
   0
   0
   0
   0
   0
   0
   0
   0
   0
   0
   0
   0
   0
   0
   0
   0
   0
   0
   0
   0
   0
   0
   0
   0
   0
   0
   0
   0
   0
   0
   0
   0
   0
   0
   0
   0
   0
   0
   0
   0
   0
   0
   0
   0
   0
   0
   0
   0
   0
   0
   0
   0
   0
   0
   0
   0
   0
   0
   0
   0
   0
   0
   0
   0
   0
   0
   0
   0
   0
   0
   0
   0
   0
   0
   0
   0
   0
   0
   0
   0
   0
   0
   0
   0
   0
   0
   0
   0
   0
   0
   0
   0
   0
   0
   0
   0
   0
   0
   0
   0
  -0
  -0
  -0
  -0
   0
   0
   0
   0
   0
   0
   0
   0
   0
   0
   0
   0
   0
   0
   0
   0
   0
   0
   0
   0
   0
   0
   0
   0
   0
   0
   0
   0
   0
   0
   0
   0
   0
   0
   0
   0
   0
   0
   0
   0
   0
   0
   0
   0
   0
   0
   0
   0
   0
   0
   0
   0
   0
   0
   0
   0
   0
   0
   0
   0
   0
   0
   0
   0
   0
   0
   0
   0
   0
   0
   0
   0
   0
   0
   0
   0
   0
   0
   0
   0
   0
   0
   0
   0
   0
   0
   0
   0
   0
   0
   0
   0
   0
   0
   0
   0
   0
   0
   0
   0
   0
   0
   0
   0
   0
   0
   0
   0
   0
   0
   0
   0
   0
   0
   0
   0
3.8609158730797801384e-106
   0
   0
8.3599101400114280009e-15
   0
   0
-0.0014960164132532215425
  -0
  -0
-0.071490586846980286317
   0
   0
9.9707317166267763811e-07
   0
   0
0.0036740403773152028981
   0
   0
4.7772681790476629812e-12
   0
   0
0.00073811839513935456874
   0
   0
2.5210223475167276725e-17
   0
   0
0.00016262132844764009827
   0
   0
1.3926320461917796328e-22
   0
   0
3.7444066338536175246e-05
   0
   0
7.9016508252263867338e-28
   0
   0
8.8484178682231041111e-06
   0
   0
4.5628453879751057342e-33
   0
   0
2.1271147982797644286e-06
   0
   0
2.6678242064438587166e-38
   0
   0
5.1760674322468621426e-07
   0
   0
1.5743621684477505022e-43
   0
   0
1.2710293870517256748e-07
   0
   0
9.3576787270028140994e-49
   0
   0
3.143200533197653586e-08
   0
   0
5.5939050465784506013e-54
   0
   0
7.816855228838957175e-09
   0
   0
3.359602706718827193e-59
   0
   0
1.9529360578175037078e-09
   0
   0
2.0255589542361135316e-64
   0
   0
4.8978465596842200548e-10
   0
   0
1.2252480618482289433e-69
   0
   0
1.2323285622607227878e-10
   0
   0
7.4322464049781764816e-75
   0
   0
3.1092126939774607506e-11
   0
   0
4.5192808406201015676e-80
   0
   0
7.8634993490599445698e-12
   0
   0
2.7538413780589640638e-85
   0
   0
1.9929300542601325243e-12
   0
   0
1.6812012691764433519e-90
   0
   0
5.0602442456273622119e-13
   0
   0
1.0280657003151022801e-95
   0
   0
1.2869585689954910731e-13
   0
   0
6.296018947206655868e-101
   0
   0
3.2779018829684179656e-14
   0
   0
   0
2.9761610362385107187e-78
   0
2.4850454849714741438e-16
   0
   0
  -0
-0.013859666278786302723
  -0
-0.14795825991582797765
   0
   0
   0
4.4693047586217905288e-05
   0
0.0078731760594273544895
   0
   0
   0
5.1464445985786858306e-09
   0
0.001260726379455390277
   0
   0
   0
6.5270696243939035615e-13
   0
0.00022161308613622733577
   0
   0
   0
8.6654572294053701157e-17
   0
4.0727825746940339493e-05
   0
   0
   0
1.181643111796368211e-20
   0
7.6832776066034093971e-06
   0
   0
   0
1.6399007180767180938e-24
   0
1.474657726906996111e-06
   0
   0
   0
2.3043703005468493669e-28
   0
2.8651589154458545818e-07
   0
   0
   0
3.2682323819881616509e-32
   0
5.617876892501367416e-08
   0
   0
   0
4.6686316874881965647e-36
   0
1.1093538111250703486e-08
   0
   0
   0
6.7073312493149142228e-40
   0
2.2030342743713953735e-09
   0
   0
   0
9.6813463351417303585e-44
   0
4.3951709765738940596e-10
   0
   0
   0
1.4028327028113685496e-47
   0
8.8023201191905491512e-11
   0
   0
   0
2.0393800651831348894e-51
   0
1.7685900777925083958e-11
   0
   0
   0
2.9730854465678727233e-55
   0
3.563389949635812124e-12
   0
   0
   0
4.344799729545629784e-59
   0
7.1968742994685304657e-13
   0
   0
   0
6.3628617970615373501e-63
   0
1.4565910811463097239e-13
   0
   0
   0
9.3356897794734648892e-67
   0
2.9534973401745688202e-14
   0
   0
   0
1.3720208248839032995e-70
   0
5.9986131921135517163e-15
   0
   0
   0
2.0193843582321265932e-74
   0
1.2201264802519446318e-15
   0
   0
   0
   0
5.4997501444125164367e-57
1.1776574737058337054e-20
   0
   0
  -0
  -0
-0.063232042818592709699
-0.22874984220652924694
   0
   0
   0
   0
0.00066198116933840795047
0.01192595802851952741
   0
   0
   0
   0
8.7059639532573438076e-07
0.0011035439633477936959
   0
   0
   0
   0
1.2610207101870860379e-09
0.00011226502108810039232
   0
   0
   0
   0
1.9119933294253509624e-12
1.1947283162323603495e-05
   0
   0
   0
   0
2.977628149400254857e-15
1.3054931817854656929e-06
   0
   0
   0
   0
4.7194349570211279692e-18
1.451569381392890302e-07
   0
   0
   0
   0
7.5737761351468352829e-21
1.6340152038565673017e-08
   0
   0
   0
   0
1.2267625096934681278e-23
1.8563866989702590058e-09
   0
   0
   0
   0
2.0013557472300100994e-26
2.1240987457172083244e-10
   0
   0
   0
   0
3.2837596362447416295e-29
2.4442658084452508379e-11
   0
   0
   0
   0
5.4130762998043161658e-32
2.8257654015830530003e-12
   0
   0
   0
   0
8.9577915938216151881e-35
3.2794330591481893794e-13
   0
   0
   0
   0
1.4872358300058210317e-37
3.8183563508589761369e-14
   0
   0
   0
   0
2.4761422592514146116e-40
4.4582598713379041653e-15
   0
   0
   0
   0
4.1326101819287447216e-43
5.2179851408579401724e-16
   0
   0
   0
   0
6.9118388259169349518e-46
6.1200766367523251356e-17
   0
   0
   0
   0
1.1581742926300368607e-48
7.1914907136268147625e-18
   0
   0
   0
   0
1.9439029483358579546e-51
8.464449285977062227e-19
   0
   0
   0
   0
3.2675271385064303216e-54
9.9774655109834825207e-20
   0
   0
   0
   0
   0
2.4620369237036532291e-33
   0
   0
  -0
  -0
  -0
-0.52923171078163511183
   0
   0
   0
   0
   0
0.017856267034466161148
   0
   0
   0
   0
   0
0.00034711452915591297285
   0
   0
   0
   0
   0
7.429227152814454557e-06
   0
   0
   0
   0
   0
1.6642539195322615464e-07
   0
   0
   0
   0
   0
3.8290387088772773563e-09
   0
   0
   0
   0
   0
8.9656354723520941746e-11
   0
   0
   0
   0
   0
2.1255265790728985708e-12
   0
   0
   0
   0
   0
5.0859467211758563628e-14
   0
   0
   0
   0
   0
1.2257131437115102717e-15
   0
   0
   0
   0
   0
2.9708879246391462498e-17
   0
   0
   0
   0
   0
7.2344791314530057408e-19
   0
   0
   0
   0
   0
1.7685227175208635652e-20
   0
   0
   0
   0
   0
4.3374533170994888604e-22
   0
   0
   0
   0
   0
1.0667799094158177723e-23
   0
   0
   0
   0
   0
2.6300688100319833978e-25
   0
   0
   0
   0
   0
6.497989806305916443e-27
   0
   0
   0
   0
   0
1.6084276581444696018e-28
   0
   0
   0
   0
   0
3.98789673222565204e-30
   0
   0
   0
   0
   0
9.9021577147552514959e-32
   0
   0
   0
   0
   0
   0
   0
   0
   0
   0
   0
   0
   0
   0
   0
   0
   0
   0
   0
   0
   0
   0
   0
   0
   0
   0
   0
   0
   0
   0
   0
   0
   0
   0
   0
   0
   0
   0
   0
   0
   0
   0
   0
   0
   0
   0
   0
   0
   0
   0
   0
   0
   0
   0
   0
   0
   0
   0
   0
   0
   0
   0
   0
   0
   0
   0
   0
   0
   0
   0
   0
   0
   0
   0
   0
   0
   0
   0
   0
   0
   0
   0
   0
   0
   0
   0
   0
   0
   0
   0
   0
   0
   0
   0
   0
   0
   0
   0
   0
   0
   0
   0
   0
   0
   0
   0
   0
   0
   0
   0
   0
   0
   0
   0
   0
   0
   0
   0
   0
   0
   0
   0
   0
   0
   0
   0
   0
