   0
0.62832
1.2566
1.885
2.5133
3.1416
   0
0.084150269280000009
0.12164400864
0.10747853424000001
0.060708906719999997
   0
   0
   0
   0
   0
   0
   0
   0
   0
-0.43416
   0
-0.21708
   0
   0
0.36932
   0
-0.78225
   0
   0
   0
   0
0.5683
   0
-1.1366
   0
   0
0.070535
   0
0.5976
   0
   0
   0
   0
   0
   0
   0
   0
   0
   0
   0
   0
   0
   0
   0
   0
   0
   0
   0
   0
   0
   0
   0
   0
   0
   0
   0
   0
   0
   0
   0
   0
   0
   0
   0
   0
   0
   0
   0
   0
   0
   0
   0
   0
   0
-0.002836
-0.021908
-0.068945
-0.14298
   0
   0
1.6700e-05
0.00049539
0.0030868
0.007349
   0
   0
6.6110e-09
3.5720e-06
0.00014085
0.0014766
   0
   0
2.8829e-12
2.8361e-08
7.0730e-06
0.00032534
   0
   0
1.3160e-15
2.3570e-10
3.7166e-07
7.4920e-05
   0
   0
6.1695e-19
2.0120e-12
2.0060e-08
1.7706e-05
   0
   0
-0.0046626
-0.037864
-0.12914
-0.29592
   0
   0
2.0296e-05
0.0006743
0.0050895
0.015746
   0
   0
4.3136e-09
2.8174e-06
0.00015363
0.0025212
   0
   0
1.0099e-12
1.2965e-08
5.1045e-06
0.00044321
   0
   0
2.4748e-16
6.2450e-11
1.7752e-07
8.1455e-05
   0
   0
6.2290e-20
3.0904e-13
6.3400e-09
1.5366e-05
   0
   0
-0.0047271
-0.04141
-0.16142
-0.45752
   0
   0
1.1235e-05
0.00043626
0.0045081
0.02385
   0
   0
6.8690e-10
5.8220e-07
5.3880e-05
0.0022067
   0
   0
4.6254e-14
8.5570e-10
7.0910e-07
0.00022447
   0
   0
3.2604e-18
1.3166e-12
9.7680e-09
2.3887e-05
   0
   0
2.3604e-22
2.0807e-15
1.3820e-10
2.6098e-06
   0
   0
-0.0030812
-0.027676
-0.12648
-0.5293
   0
   0
1.9928e-06
8.9390e-05
0.0013242
0.017854
   0
   0
9.5425e-12
1.0292e-08
1.7416e-06
0.00034706
   0
   0
5.0325e-17
1.3052e-12
2.5232e-09
7.4280e-06
   0
   0
2.7786e-22
1.7328e-16
3.8262e-12
1.6640e-07
   0
   0
1.5756e-27
2.3628e-20
5.9595e-15
3.8282e-09
   0
   0
   0
   0
   0
   0
   0
   0
   0
   0
   0
   0
   0
   0
   0
   0
   0
   0
   0
   0
   0
   0
   0
   0
   0
   0
   0
   0
   0
   0
   0
   0
   0
   0
   0
   0
   0
   0
   0
   0
   0
   0
   0
   0
0.0023604463886721301
0.0034121597394119398
0.00301481290763829
0.00170290743991137
   0
   0
0.0034121597394119398
0.0049324713084517181
0.0043580838245980196
0.0024616497262110598
   0
   0
0.00301481290763829
0.0043580838245980196
0.0038505839029775698
0.00217499001671721
   0
   0
0.00170290743991137
0.0024616497262110598
0.00217499001671721
0.0012285361628301299
   0
   0
   0
   0
   0
   0
   0
   0
 NaN
 NaN
 NaN
 NaN
   0
   0
 NaN
 NaN
 NaN
 NaN
   0
   0
 NaN
 NaN
 NaN
 NaN
   0
   0
 NaN
 NaN
 NaN
 NaN
   0
   0
 NaN
 NaN
 NaN
 NaN
   0
   0
 NaN
 NaN
 NaN
 NaN
   0
   0
 NaN
 NaN
 NaN
 NaN
   0
   0
 NaN
 NaN
 NaN
 NaN
   0
   0
 NaN
 NaN
 NaN
 NaN
   0
   0
 NaN
 NaN
 NaN
 NaN
   0
   0
 NaN
 NaN
 NaN
 NaN
   0
   0
 NaN
 NaN
 NaN
 NaN
   0
   0
 NaN
 NaN
 NaN
 NaN
   0
   0
 NaN
 NaN
 NaN
 NaN
   0
   0
 NaN
 NaN
 NaN
 NaN
   0
   0
 NaN
 NaN
 NaN
 NaN
   0
   0
 NaN
 NaN
 NaN
 NaN
   0
   0
 NaN
 NaN
 NaN
 NaN
   0
   0
 NaN
 NaN
 NaN
 NaN
   0
   0
 NaN
 NaN
 NaN
 NaN
   0
   0
 NaN
 NaN
 NaN
 NaN
   0
   0
 NaN
 NaN
 NaN
 NaN
   0
   0
 NaN
 NaN
 NaN
 NaN
   0
   0
 NaN
 NaN
 NaN
 NaN
   0
   0
 NaN
 NaN
 NaN
 NaN
   0
   0
 NaN
 NaN
 NaN
 NaN
   0
   0
 NaN
 NaN
 NaN
 NaN
   0
   0
 NaN
 NaN
 NaN
 NaN
   0
   0
 NaN
 NaN
 NaN
 NaN
   0
   0
 NaN
 NaN
 NaN
 NaN
   0
   0
   0
   0
   0
   0
   0
   0
   0
   0
   0
   0
   0
   0
   0
   0
   0
   0
   0
   0
   0
   0
   0
   0
   0
   0
   0
   0
   0
   0
   0
   0
   0
   0
   0
   0
   0
   0
 NaN
 NaN
 NaN
 NaN
   0
   0
 NaN
 NaN
 NaN
 NaN
   0
   0
 NaN
 NaN
 NaN
 NaN
   0
   0
 NaN
 NaN
 NaN
 NaN
   0
   0
 NaN
 NaN
 NaN
 NaN
   0
   0
 NaN
 NaN
 NaN
 NaN
   0
   0
 NaN
 NaN
 NaN
 NaN
   0
   0
 NaN
 NaN
 NaN
 NaN
   0
   0
 NaN
 NaN
 NaN
 NaN
   0
   0
 NaN
 NaN
 NaN
 NaN
   0
   0
 NaN
 NaN
 NaN
 NaN
   0
   0
 NaN
 NaN
 NaN
 NaN
   0
   0
 NaN
 NaN
 NaN
 NaN
   0
   0
 NaN
 NaN
 NaN
 NaN
   0
   0
 NaN
 NaN
 NaN
 NaN
   0
   0
 NaN
 NaN
 NaN
 NaN
   0
   0
 NaN
 NaN
 NaN
 NaN
   0
   0
 NaN
 NaN
 NaN
 NaN
   0
   0
 NaN
 NaN
 NaN
 NaN
   0
   0
 NaN
 NaN
 NaN
 NaN
   0
   0
 NaN
 NaN
 NaN
 NaN
   0
   0
 NaN
 NaN
 NaN
 NaN
   0
   0
 NaN
 NaN
 NaN
 NaN
   0
   0
 NaN
 NaN
 NaN
 NaN
   0
   0
 NaN
 NaN
 NaN
 NaN
   0
   0
 NaN
 NaN
 NaN
 NaN
   0
   0
 NaN
 NaN
 NaN
 NaN
   0
   0
 NaN
 NaN
 NaN
 NaN
   0
   0
 NaN
 NaN
 NaN
 NaN
   0
   0
 NaN
 NaN
 NaN
 NaN
   0
   0
   0
   0
   0
   0
   0
   0
   0
   0
   0
   0
   0
   0
   0
   0
   0
   0
   0
   0
   0
   0
   0
   0
   0
   0
   0
   0
   0
   0
   0
   0
   0
   0
   0
   0
   0
   0
 NaN
 NaN
 NaN
 NaN
   0
   0
 NaN
 NaN
 NaN
 NaN
   0
   0
 NaN
 NaN
 NaN
 NaN
   0
   0
 NaN
 NaN
 NaN
 NaN
   0
   0
 NaN
 NaN
 NaN
 NaN
   0
   0
 NaN
 NaN
 NaN
 NaN
   0
   0
 NaN
 NaN
 NaN
 NaN
   0
   0
 NaN
 NaN
 NaN
 NaN
   0
   0
 NaN
 NaN
 NaN
 NaN
   0
   0
 NaN
 NaN
 NaN
 NaN
   0
   0
 NaN
 NaN
 NaN
 NaN
   0
   0
 NaN
 NaN
 NaN
 NaN
   0
   0
 NaN
 NaN
 NaN
 NaN
   0
   0
 NaN
 NaN
 NaN
 NaN
   0
   0
 NaN
 NaN
 NaN
 NaN
   0
   0
 NaN
 NaN
 NaN
 NaN
   0
   0
 NaN
 NaN
 NaN
 NaN
   0
   0
 NaN
 NaN
 NaN
 NaN
   0
   0
 NaN
 NaN
 NaN
 NaN
   0
   0
 NaN
 NaN
 NaN
 NaN
   0
   0
 NaN
 NaN
 NaN
 NaN
   0
   0
 NaN
 NaN
 NaN
 NaN
   0
   0
 NaN
 NaN
 NaN
 NaN
   0
   0
 NaN
 NaN
 NaN
 NaN
   0
   0
 NaN
 NaN
 NaN
 NaN
   0
   0
 NaN
 NaN
 NaN
 NaN
   0
   0
 NaN
 NaN
 NaN
 NaN
   0
   0
 NaN
 NaN
 NaN
 NaN
   0
   0
 NaN
 NaN
 NaN
 NaN
   0
   0
 NaN
 NaN
 NaN
 NaN
   0
   0
   0
   0
   0
   0
   0
   0
   0
   0
   0
   0
   0
   0
   0
   0
   0
   0
   0
   0
   0
   0
   0
   0
   0
   0
   0
   0
   0
   0
   0
   0
   0
   0
   0
   0
   0
   0
 NaN
 NaN
 NaN
 NaN
   0
   0
 NaN
 NaN
 NaN
 NaN
   0
   0
 NaN
 NaN
 NaN
 NaN
   0
   0
 NaN
 NaN
 NaN
 NaN
   0
   0
 NaN
 NaN
 NaN
 NaN
   0
   0
 NaN
 NaN
 NaN
 NaN
   0
   0
 NaN
 NaN
 NaN
 NaN
   0
   0
 NaN
 NaN
 NaN
 NaN
   0
   0
 NaN
 NaN
 NaN
 NaN
   0
   0
 NaN
 NaN
 NaN
 NaN
   0
   0
 NaN
 NaN
 NaN
 NaN
   0
   0
 NaN
 NaN
 NaN
 NaN
   0
   0
 NaN
 NaN
 NaN
 NaN
   0
   0
 NaN
 NaN
 NaN
 NaN
   0
   0
 NaN
 NaN
 NaN
 NaN
   0
   0
 NaN
 NaN
 NaN
 NaN
   0
   0
 NaN
 NaN
 NaN
 NaN
   0
   0
 NaN
 NaN
 NaN
 NaN
   0
   0
 NaN
 NaN
 NaN
 NaN
   0
   0
 NaN
 NaN
 NaN
 NaN
   0
   0
 NaN
 NaN
 NaN
 NaN
   0
   0
 NaN
 NaN
 NaN
 NaN
   0
   0
 NaN
 NaN
 NaN
 NaN
   0
   0
 NaN
 NaN
 NaN
 NaN
   0
   0
 NaN
 NaN
 NaN
 NaN
   0
   0
 NaN
 NaN
 NaN
 NaN
   0
   0
 NaN
 NaN
 NaN
 NaN
   0
   0
 NaN
 NaN
 NaN
 NaN
   0
   0
 NaN
 NaN
 NaN
 NaN
   0
   0
 NaN
 NaN
 NaN
 NaN
   0
   0
   0
   0
   0
   0
   0
   0
   0
   0
   0
   0
   0
   0
   0
   0
   0
   0
   0
   0
   0
   0
   0
   0
   0
   0
   0
   0
   0
   0
   0
   0
   0
   0
   0
   0
   0
   0
 NaN
 NaN
 NaN
 NaN
   0
   0
 NaN
 NaN
 NaN
 NaN
   0
   0
 NaN
 NaN
 NaN
 NaN
   0
   0
 NaN
 NaN
 NaN
 NaN
   0
   0
 NaN
 NaN
 NaN
 NaN
   0
   0
 NaN
 NaN
 NaN
 NaN
   0
   0
 NaN
 NaN
 NaN
 NaN
   0
   0
 NaN
 NaN
 NaN
 NaN
   0
   0
 NaN
 NaN
 NaN
 NaN
   0
   0
 NaN
 NaN
 NaN
 NaN
   0
   0
 NaN
 NaN
 NaN
 NaN
   0
   0
 NaN
 NaN
 NaN
 NaN
   0
   0
 NaN
 NaN
 NaN
 NaN
   0
   0
 NaN
 NaN
 NaN
 NaN
   0
   0
 NaN
 NaN
 NaN
 NaN
   0
   0
 NaN
 NaN
 NaN
 NaN
   0
   0
 NaN
 NaN
 NaN
 NaN
   0
   0
 NaN
 NaN
 NaN
 NaN
   0
   0
 NaN
 NaN
 NaN
 NaN
   0
   0
 NaN
 NaN
 NaN
 NaN
   0
   0
 NaN
 NaN
 NaN
 NaN
   0
   0
 NaN
 NaN
 NaN
 NaN
   0
   0
 NaN
 NaN
 NaN
 NaN
   0
   0
 NaN
 NaN
 NaN
 NaN
   0
   0
 NaN
 NaN
 NaN
 NaN
   0
   0
 NaN
 NaN
 NaN
 NaN
   0
   0
 NaN
 NaN
 NaN
 NaN
   0
   0
 NaN
 NaN
 NaN
 NaN
   0
   0
 NaN
 NaN
 NaN
 NaN
   0
   0
 NaN
 NaN
 NaN
 NaN
   0
   0
   0
   0
   0
   0
   0
   0
   0
   0
   0
   0
   0
   0
   0
   0
   0
   0
   0
   0
   0
   0
   0
   0
   0
   0
   0
   0
   0
   0
   0
   0
   0
   0
   0
   0
   0
   0
   0
   0
   0
   0
   0
   0
   0
   0
   0
   0
   0
   0
   0
   0
   0
   0
   0
   0
   0
   0
   0
   0
   0
   0
   0
   0
   0
   0
   0
   0
   0
   0
   0
   0
   0
   0
   0
   0
   0
   0
   0
   0
   0
   0
   0
   0
   0
   0
   0
   0
   0
   0
   0
   0
   0
   0
   0
   0
   0
   0
   0
   0
   0
   0
   0
   0
   0
   0
   0
   0
   0
   0
   0
   0
   0
   0
   0
   0
   0
   0
   0
   0
   0
   0
   0
   0
   0
   0
   0
   0
   0
   0
   0
   0
   0
   0
   0
   0
   0
   0
   0
   0
   0
   0
   0
   0
   0
   0
   0
   0
   0
   0
   0
   0
   0
   0
   0
   0
   0
   0
   0
   0
   0
   0
   0
   0
   0
   0
   0
   0
   0
   0
   0
   0
   0
   0
   0
   0
   0
   0
   0
   0
   0
   0
   0
   0
   0
   0
   0
   0
   0
   0
   0
   0
   0
   0
   0
   0
   0
   0
   0
   0
   0
   0
   0
   0
   0
   0
   0
   0
   0
   0
   0
   0
   0
   0
   0
   0
   0
   0
   0
   0
   0
   0
   0
   0
   0
   0
   0
   0
   0
   0
   0
   0
   0
   0
   0
   0
   0
   0
   0
   0
   0
   0
   0
   0
   0
   0
   0
   0
   0
   0
   0
   0
   0
   0
   0
   0
   0
   0
   0
   0
   0
   0
   0
   0
   0
   0
   0
   0
   0
   0
   0
   0
   0
   0
   0
   0
   0
   0
   0
   0
   0
   0
   0
   0
   0
   0
   0
   0
   0
   0
   0
   0
   0
   0
   0
   0
   0
   0
   0
   0
   0
   0
   0
   0
   0
   0
   0
   0
   0
   0
   0
   0
   0
   0
   0
   0
   0
   0
   0
   0
   0
   0
   0
   0
   0
   0
   0
   0
   0
   0
   0
   0
   0
   0
   0
   0
   0
   0
   0
   0
   0
   0
   0
   0
   0
   0
   0
   0
   0
   0
   0
   0
   0
   0
   0
   0
   0
   0
   0
   0
   0
   0
   0
   0
   0
   0
   0
   0
   0
   0
   0
   0
   0
   0
   0
   0
   0
   0
   0
   0
   0
   0
   0
   0
   0
   0
   0
   0
   0
   0
   0
   0
   0
   0
   0
   0
   0
   0
   0
   0
   0
   0
   0
   0
   0
   0
   0
   0
   0
   0
   0
   0
   0
   0
   0
   0
   0
   0
   0
   0
   0
   0
   0
   0
   0
   0
   0
   0
   0
   0
   0
   0
   0
   0
   0
   0
   0
   0
   0
   0
   0
   0
   0
   0
   0
   0
   0
   0
   0
   0
   0
   0
   0
   0
   0
   0
   0
   0
   0
   0
   0
   0
   0
   0
   0
   0
   0
   0
   0
   0
   0
   0
   0
   0
   0
   0
   0
   0
   0
   0
   0
   0
   0
   0
   0
   0
   0
   0
   0
   0
   0
   0
   0
   0
   0
   0
   0
   0
   0
   0
   0
   0
   0
   0
   0
   0
-0.002836
   0
   0
   0
   0
   0
1.6700e-05
   0
   0
   0
   0
   0
6.6112e-09
   0
   0
   0
   0
   0
2.8830e-12
   0
   0
   0
   0
   0
1.3160e-15
   0
   0
   0
   0
   0
6.1698e-19
   0
   0
   0
   0
   0
-0.0023313
-0.010954
   0
   0
   0
   0
1.0148e-05
0.0002477
   0
   0
   0
   0
2.1569e-09
1.7860e-06
   0
   0
   0
   0
5.0498e-13
1.4180e-08
   0
   0
   0
   0
1.2374e-16
1.1785e-10
   0
   0
   0
   0
3.1145e-20
1.0060e-12
   0
   0
   0
   0
-0.0023636
   0
-0.034472
   0
   0
   0
5.6175e-06
   0
0.0015434
   0
   0
   0
3.4345e-10
   0
7.0425e-05
   0
   0
   0
2.3127e-14
   0
3.5368e-06
   0
   0
   0
1.6302e-18
   0
1.8583e-07
   0
   0
   0
1.1802e-22
   0
1.0030e-08
   0
   0
   0
-0.0015406
   0
   0
-0.071492
   0
   0
9.9642e-07
   0
   0
0.0036745
   0
   0
4.7715e-12
   0
   0
0.0007383
   0
   0
2.5162e-17
   0
   0
0.00016267
   0
   0
1.3894e-22
   0
   0
3.7462e-05
   0
   0
7.8785e-28
   0
   0
8.8530e-06
   0
   0
   0
   0
   0
   0
   0
   0
   0
   0
   0
   0
   0
   0
   0
   0
   0
   0
   0
   0
   0
   0
   0
   0
   0
   0
   0
   0
   0
   0
   0
   0
   0
   0
   0
   0
   0
   0
   0
   0
   0
   0
   0
   0
   0
   0
   0
   0
   0
   0
   0
   0
   0
   0
   0
   0
   0
   0
   0
   0
   0
   0
   0
   0
   0
   0
   0
   0
   0
   0
   0
   0
   0
   0
-0.0023313
-0.010954
   0
   0
   0
   0
1.0148e-05
0.0002477
   0
   0
   0
   0
2.1569e-09
1.7860e-06
   0
   0
   0
   0
5.0498e-13
1.4180e-08
   0
   0
   0
   0
1.2374e-16
1.1785e-10
   0
   0
   0
   0
3.1145e-20
1.0060e-12
   0
   0
   0
   0
   0
-0.037865
   0
   0
   0
   0
   0
0.0006743
   0
   0
   0
   0
   0
2.8175e-06
   0
   0
   0
   0
   0
1.2965e-08
   0
   0
   0
   0
   0
6.2450e-11
   0
   0
   0
   0
   0
3.0905e-13
   0
   0
   0
   0
   0
-0.020706
-0.064568
   0
   0
   0
   0
0.00021814
0.0025445
   0
   0
   0
   0
2.9110e-07
7.6815e-05
   0
   0
   0
   0
4.2785e-10
2.5522e-06
   0
   0
   0
   0
6.5832e-13
8.8758e-08
   0
   0
   0
   0
1.0404e-15
3.1700e-09
   0
   0
   0
   0
-0.013838
   0
-0.14796
   0
   0
   0
4.4695e-05
   0
0.007873
   0
   0
   0
5.1460e-09
   0
0.0012606
   0
   0
   0
6.5260e-13
   0
0.00022161
   0
   0
   0
8.6642e-17
   0
4.0728e-05
   0
   0
   0
1.1814e-20
   0
7.6832e-06
   0
   0
   0
   0
   0
   0
   0
   0
   0
   0
   0
   0
   0
   0
   0
   0
   0
   0
   0
   0
   0
   0
   0
   0
   0
   0
   0
   0
   0
   0
   0
   0
   0
   0
   0
   0
   0
   0
   0
   0
   0
   0
   0
   0
   0
   0
   0
   0
   0
   0
   0
   0
   0
   0
   0
   0
   0
   0
   0
   0
   0
   0
   0
   0
   0
   0
   0
   0
   0
   0
   0
   0
   0
   0
-0.0023636
   0
-0.034472
   0
   0
   0
5.6175e-06
   0
0.0015434
   0
   0
   0
3.4345e-10
   0
7.0425e-05
   0
   0
   0
2.3127e-14
   0
3.5368e-06
   0
   0
   0
1.6302e-18
   0
1.8583e-07
   0
   0
   0
1.1802e-22
   0
1.0030e-08
   0
   0
   0
   0
-0.020706
-0.064568
   0
   0
   0
   0
0.00021814
0.0025445
   0
   0
   0
   0
2.9110e-07
7.6815e-05
   0
   0
   0
   0
4.2785e-10
2.5522e-06
   0
   0
   0
   0
6.5832e-13
8.8758e-08
   0
   0
   0
   0
1.0404e-15
3.1700e-09
   0
   0
   0
   0
   0
-0.16142
   0
   0
   0
   0
   0
0.0045082
   0
   0
   0
   0
   0
5.3882e-05
   0
   0
   0
   0
   0
7.0908e-07
   0
   0
   0
   0
   0
9.7682e-09
   0
   0
   0
   0
   0
1.3820e-10
   0
   0
   0
   0
   0
-0.063235
-0.22876
   0
   0
   0
   0
0.0006621
0.011925
   0
   0
   0
   0
8.7078e-07
0.0011034
   0
   0
   0
   0
1.2616e-09
0.00011224
   0
   0
   0
   0
1.9131e-12
1.1944e-05
   0
   0
   0
   0
2.9798e-15
1.3049e-06
   0
   0
   0
   0
   0
   0
   0
   0
   0
   0
   0
   0
   0
   0
   0
   0
   0
   0
   0
   0
   0
   0
   0
   0
   0
   0
   0
   0
   0
   0
   0
   0
   0
   0
   0
   0
   0
   0
   0
   0
   0
   0
   0
   0
   0
   0
   0
   0
   0
   0
   0
   0
   0
   0
   0
   0
   0
   0
   0
   0
   0
   0
   0
   0
   0
   0
   0
   0
   0
   0
   0
   0
   0
   0
-0.0015406
   0
   0
-0.071492
   0
   0
9.9642e-07
   0
   0
0.0036745
   0
   0
4.7715e-12
   0
   0
0.0007383
   0
   0
2.5162e-17
   0
   0
0.00016267
   0
   0
1.3894e-22
   0
   0
3.7462e-05
   0
   0
7.8785e-28
   0
   0
8.8530e-06
   0
   0
   0
-0.013838
   0
-0.14796
   0
   0
   0
4.4695e-05
   0
0.007873
   0
   0
   0
5.1460e-09
   0
0.0012606
   0
   0
   0
6.5260e-13
   0
0.00022161
   0
   0
   0
8.6642e-17
   0
4.0728e-05
   0
   0
   0
1.1814e-20
   0
7.6832e-06
   0
   0
   0
   0
-0.063235
-0.22876
   0
   0
   0
   0
0.0006621
0.011925
   0
   0
   0
   0
8.7078e-07
0.0011034
   0
   0
   0
   0
1.2616e-09
0.00011224
   0
   0
   0
   0
1.9131e-12
1.1944e-05
   0
   0
   0
   0
2.9798e-15
1.3049e-06
   0
   0
   0
   0
   0
-0.5293
   0
   0
   0
   0
   0
0.017854
   0
   0
   0
   0
   0
0.00034705
   0
   0
   0
   0
   0
7.4282e-06
   0
   0
   0
   0
   0
1.6640e-07
   0
   0
   0
   0
   0
3.8282e-09
   0
   0
   0
   0
   0
   0
   0
   0
   0
   0
   0
   0
   0
   0
   0
   0
   0
   0
   0
   0
   0
   0
   0
   0
   0
   0
   0
   0
   0
   0
   0
   0
   0
   0
   0
   0
   0
   0
   0
   0
   0
   0
   0
   0
   0
   0
   0
   0
   0
   0
   0
   0
   0
   0
   0
   0
   0
   0
   0
   0
   0
   0
   0
   0
   0
   0
   0
   0
   0
   0
   0
   0
   0
   0
   0
   0
   0
   0
   0
   0
   0
   0
   0
   0
   0
   0
   0
   0
   0
   0
   0
   0
   0
   0
   0
   0
   0
   0
   0
   0
   0
   0
   0
   0
   0
   0
   0
   0
   0
   0
   0
   0
   0
   0
   0
   0
   0
   0
   0
   0
   0
   0
   0
   0
   0
   0
   0
   0
   0
   0
   0
   0
   0
   0
   0
   0
   0
   0
   0
   0
   0
   0
   0
   0
   0
   0
   0
   0
   0
   0
   0
   0
   0
   0
   0
   0
   0
   0
   0
   0
   0
   0
   0
   0
   0
   0
   0
   0
   0
   0
   0
   0
   0
   0
   0
   0
   0
   0
   0
   0
   0
   0
   0
   0
   0
   0
   0
   0
   0
   0
   0
   0
   0
   0
   0
   0
   0
   0
   0
   0
   0
   0
   0
   0
   0
   0
   0
   0
   0
   0
   0
   0
   0
   0
   0
   0
   0
   0
   0
   0
   0
   0
   0
   0
   0
   0
   0
   0
   0
   0
   0
   0
   0
   0
   0
   0
   0
   0
   0
   0
   0
   0
   0
   0
   0
   0
   0
   0
   0
   0
   0
   0
   0
