   0
0.6283185307179586477
1.2566370614359172954
1.8849555921538759431
2.5132741228718345908
3.1415926535897932385
   0
0.084149983643965102033
0.12164484695272472392
0.10748391093524371712
0.060710986336756523099
   0
   0
   0
   0
   0
   0
   0
   0
   0
-0.43415742684541198995
   0
-0.21707871342270599498
   0
   0
0.36931636609809135145
   0
-0.78222461599735686459
   0
   0
   0
   0
0.56831944997474231463
   0
-1.1366388999494846293
   0
   0
0.070533149623935757017
   0
0.59756643294831118886
   0
   0
   0
   0
   0
   0
   0
   0
   0
   0
   0
   0
   0
   0
   0
   0
   0
   0
   0
   0
   0
   0
   0
   0
   0
   0
   0
   0
   0
   0
   0
   0
   0
   0
   0
   0
   0
   0
   0
   0
   0
   0
   0
   0
   0
   0
   0
   0
   0
   0
   0
   0
   0
   0
   0
   0
   0
   0
   0
   0
   0
   0
   0
   0
   0
   0
   0
   0
   0
   0
   0
   0
   0
   0
   0
   0
   0
   0
   0
   0
   0
   0
   0
   0
   0
   0
   0
   0
   0
   0
   0
   0
   0
   0
   0
   0
   0
   0
   0
   0
   0
   0
   0
   0
   0
   0
   0
   0
   0
   0
   0
   0
   0
   0
   0
   0
   0
   0
   0
   0
   0
   0
   0
   0
   0
   0
   0
   0
   0
   0
   0
   0
   0
   0
   0
-0.0028331314644039117208
-0.021899363669830674196
-0.06894410057114212908
-0.14298117369395995038
   0
   0
1.6701382624144354136e-05
0.00049548736224516663338
0.0030859991987331235118
0.0073480807546304990211
   0
   0
6.6131430840119356703e-09
3.5728729055413019628e-06
0.00014079333334676242678
0.0014762367902787307851
   0
   0
2.8840634189690666306e-12
2.8371991598966471468e-08
7.0687025496160693065e-06
0.00032524265689528598751
   0
   0
1.3166282516618546932e-15
2.3583246868781787986e-10
3.7138276702768398512e-07
7.4888132677073250713e-05
   0
   0
6.1736605899101382311e-19
2.0133952416991527766e-12
2.0038224337001661107e-08
1.7696835736446412191e-05
   0
   0
2.9461747011216757965e-22
1.7493847551816585185e-14
1.1002623735781097967e-09
4.2542295965595810800e-06
   0
   0
1.4235659576884055770e-25
1.5390110394814769127e-16
6.1166573398895790716e-11
1.0352134864493832514e-06
   0
   0
6.9426065042694059392e-29
1.3665384395558995003e-18
3.4319669926675688920e-12
2.5420587741034963114e-07
   0
   0
3.4102284435395711337e-32
1.2221273230637740892e-20
1.9394463099099548266e-13
6.2864010663954123273e-08
   0
   0
1.6847202932096220201e-35
1.0992422194927087502e-22
1.1022711310033484358e-14
1.5633710457678146529e-08
   0
   0
8.3617652218720105306e-39
9.9333417920216329835e-25
6.2938938966313088449e-16
3.9058721156350612810e-09
   0
   0
4.1663162274945061593e-42
9.0111630569471061117e-27
3.6076988641049193178e-17
9.7956931193685566437e-10
   0
   0
2.0827091969049386495e-45
8.2013998448802927200e-29
2.0747223467010490004e-18
2.4646571245214899647e-10
   0
   0
1.0440515847812520388e-48
7.4853422413310894794e-31
1.1964759582281639220e-19
6.2184253879550190983e-11
   0
   0
5.2464847764217756127e-52
6.8483850266256440856e-33
6.9167005741674178029e-21
1.5726998698120105786e-11
   0
   0
2.6420146575275825191e-55
6.2789174037260278266e-35
4.0069375169262200950e-22
3.9858601085203393554e-12
   0
   0
1.3329480195380318307e-58
5.7675630037961505622e-37
2.3256046976174539295e-23
1.0120488491254883357e-12
   0
   0
6.7361471771744875037e-62
5.3066459285781173119e-39
1.3520052014317517236e-24
2.5739171379910169714e-13
   0
   0
3.4092112147072135461e-65
4.8898069532891294466e-41
7.8716138173486827553e-26
6.5558037659369574005e-14
   0
   0
1.7277281053630042727e-68
4.5117220569641918813e-43
4.5890993305368415704e-27
1.6719820280023116193e-14
   0
   0
-0.0046602369975357979524
-0.037847534220749961625
-0.12911405916861839781
-0.2959165198316547636
   0
   0
2.0295451077533469509e-05
0.00067445072171479709098
0.0050887686798124168346
0.015746352118854889583
   0
   0
4.3137732367156261715e-09
2.8184501121602705959e-06
0.00015358106121784255632
0.002521452758910807958
   0
   0
1.0098543887748197805e-12
1.2971252054987801084e-08
5.1022676864703889510e-06
0.00044322617227245909124
   0
   0
2.4746980359872151502e-16
6.2489042926817486089e-11
1.7740313138797581954e-07
8.1455651493881382960e-05
   0
   0
6.2288395145156761432e-20
3.0920163217408267422e-13
6.3348724269189872902e-09
1.5366555213207003583e-05
   0
   0
1.5956159822525056824e-23
1.5570871175134808296e-15
2.3021143476913565012e-10
2.9493154538140225175e-06
   0
   0
4.1385961808798997098e-27
7.9393618586571203992e-18
8.4704151021943512402e-12
5.7303178308917835529e-07
   0
   0
1.0834369515021699626e-30
4.0858550629479884028e-20
3.1455657941322463532e-13
1.1235753785002858413e-07
   0
   0
2.8567368605802790630e-34
2.1178512934061751637e-22
1.1765277624744627682e-14
2.2187076222501708188e-08
   0
   0
7.5756565171715211563e-38
1.1040552077544872601e-24
4.4257228175058832335e-16
4.4060685487428390351e-09
   0
   0
2.0183485219523429787e-41
5.7824449416656929537e-27
1.6725861703056267082e-17
8.7903419531479071755e-10
   0
   0
5.3982893762887533592e-45
3.0402968109770007013e-29
6.3456214660365319266e-19
1.7604640238381267994e-10
   0
   0
1.4485661021621007102e-48
1.6037709491695331251e-31
2.4153486612951683834e-20
3.5371801555850606492e-11
   0
   0
3.8979602187754738655e-52
8.4837020733380079139e-34
9.2193587971387320080e-22
7.1267798992717232988e-12
   0
   0
1.0514524399876968649e-55
4.4986421024108073043e-36
3.5275515073704547947e-23
1.4393748598937208322e-12
   0
   0
2.8422496134201394264e-59
2.3905491895715684733e-38
1.3525870504988791038e-24
2.9131821622926567459e-13
   0
   0
7.6974342860301724023e-63
1.2726969258710412315e-40
5.1959783410465140811e-26
5.9069946803492196644e-14
   0
   0
2.0880944122465840487e-66
6.7869175175454881773e-43
1.9993508512774949328e-27
1.1997226384227296357e-14
   0
   0
5.6728103361591978777e-70
3.6246330996606902248e-45
7.7046694156238158055e-29
2.4402529605039146197e-15
   0
   0
1.5432118456086122965e-73
1.9383607676096206527e-47
2.9730182972359112761e-30
4.9700909699430158526e-16
   0
   0
-0.0047583598889106122731
-0.041389453973199934904
-0.16141768338139205799
-0.45749968441305755238
   0
   0
1.1228747479779459693e-05
0.00043636048274831116292
0.0045074596726490219179
0.02385191605703917031
   0
   0
6.8622023894544195607e-10
5.8248857942289250781e-07
5.3867458727852549116e-05
0.0022070879266956023482
   0
   0
4.6189128528692958422e-14
8.5637382655048113946e-10
7.0887623480261318958e-07
0.00022453004217620145251
   0
   0
3.2544564578763642706e-18
1.3179474602881310183e-12
9.7643164117333282072e-09
2.3894566324647310857e-05
   0
   0
2.3552599361799917741e-22
2.0833043334785015084e-15
1.3813960904613143366e-10
2.6109863635709415487e-06
   0
   0
1.7347450199480641353e-26
3.3515274173476317367e-18
1.9889401994737252976e-12
2.9031387627857956387e-07
   0
   0
1.2937071090006922257e-30
5.4592846838667426235e-21
2.8994994855142314364e-14
3.2680304077131517422e-08
   0
   0
9.7378312198302741832e-35
8.9754095211953440774e-24
4.2662525460625755373e-16
3.7127733979405359789e-09
   0
   0
7.3825187400007054775e-39
1.4862387030029612668e-26
6.3224226619680219743e-18
4.2481974914344388564e-10
   0
   0
5.6289882036779425964e-43
2.4751762368745042804e-29
9.4232797435250713836e-20
4.8885316168905454208e-11
   0
   0
4.3120321006516749057e-47
4.1414212340185613631e-32
1.4110588086077891396e-21
5.6515308031661526350e-12
   0
   0
3.3160247255487950420e-51
6.9562743221905756144e-35
2.1211491443079053843e-23
6.5588661182964345631e-13
   0
   0
2.5584427425715496712e-55
1.1722657411099301379e-37
3.1990323444285339459e-25
7.6367127017180130341e-14
   0
   0
1.9794775465203891027e-59
1.9810357448390962643e-40
4.8381834081794220653e-27
8.9165197426758762502e-15
   0
   0
1.5352482486232758821e-63
3.3559203640176498536e-43
7.3349750255001787286e-29
1.0435970281715959454e-15
   0
   0
1.1932377904628975219e-67
5.6970665446562997120e-46
1.1143839986065848916e-30
1.2240153273504788621e-16
   0
   0
9.2915160927871165556e-72
9.6895162366837390715e-49
1.6962190015926101130e-32
1.4382981427253760006e-17
   0
   0
7.2471381269772897805e-76
1.6507193263191627888e-51
2.5861222066721890619e-34
1.6928898571954290290e-18
   0
   0
5.6609652475530542080e-80
2.8163611442152674883e-54
3.9487523383584546047e-36
1.9954931021967143696e-19
   0
   0
4.4278570711695162767e-84
4.8115231894483572273e-57
6.0373962395582835857e-38
2.3553149474116973501e-20
   0
   0
-0.002992032826506465831
-0.027719332557572977611
-0.126464085637185774
-0.52923171078163436666
   0
   0
1.9941463433253554664e-06
8.9386095172435726399e-05
0.0013239623386768151322
0.017856267034466160254
   0
   0
9.5545363580953207741e-12
1.0292889197157353482e-08
1.7411927906514662740e-06
0.00034711452915591331601
   0
   0
5.0420446950334496774e-17
1.3054139248787766212e-12
2.5220414203741681465e-09
7.4292271528144565492e-06
   0
   0
2.7852640923835553611e-22
1.7330914458810670340e-16
3.8239866588506919095e-12
1.6642539195322613906e-07
   0
   0
1.5803301650452744016e-27
2.3632862235927251758e-20
5.9552562988004882507e-15
3.8290387088772771699e-09
   0
   0
9.1256907759501912572e-33
3.2798014361534183420e-24
9.4388699140422196999e-18
8.9656354723520950042e-11
   0
   0
5.3356484128877032213e-38
4.6087406010936688040e-28
1.5147552270293597552e-20
2.1255265790728995205e-12
   0
   0
3.1487243368954914285e-43
6.5364647639762728795e-32
2.4535250193869234466e-23
5.0859467211758540390e-14
   0
   0
1.8715357454005568055e-48
9.3372633749763093712e-36
4.0027114944599950935e-26
1.2257131437115103116e-15
   0
   0
1.1187810093156860504e-53
1.3414662498629701394e-39
6.5675192724894402900e-29
2.9708879246391430227e-17
   0
   0
6.7192054134376288164e-59
1.9362692670283254367e-43
1.0826152599608555863e-31
7.2344791314530025660e-19
   0
   0
4.0511179084722085451e-64
2.8056654056227044278e-47
1.7915583187643081150e-34
1.7685227175208620576e-20
   0
   0
2.4504961236964449454e-69
4.0787601303662202806e-51
2.9744716600116172123e-37
4.3374533170994870473e-22
   0
   0
1.4864492809956278736e-74
5.9461708931356635062e-55
4.9522845185027834834e-40
1.0667799094158158932e-23
   0
   0
9.0385616812401502951e-80
8.6895994590911322901e-59
8.2652203638574095685e-43
2.6300688100319798662e-25
   0
   0
5.5076827561178942531e-85
1.2725723594122879832e-62
1.3823677651833723370e-45
6.4979898063059080324e-27
   0
   0
3.3624025383528650176e-90
1.8671379558946623456e-66
2.3163485852600477441e-48
1.6084276581444665904e-28
   0
   0
2.0561314006301904128e-95
2.7440416497677598087e-70
3.8878058966716714140e-51
3.9878967322256443380e-30
   0
   0
1.2592037894413223697e-100
4.0387687164641795047e-74
6.5350542770127797334e-54
9.9021577147552320746e-32
   0
   0
7.7218317461595046398e-106
5.9523220724769086186e-78
1.0999500288824885678e-56
2.4620369237036499101e-33
   0
   0
   0
   0
   0
   0
   0
   0
   0
   0
   0
   0
   0
   0
   0
   0
   0
   0
   0
   0
   0
   0
   0
   0
   0
   0
   0
   0
   0
   0
   0
   0
   0
   0
   0
   0
   0
   0
   0
   0
   0
   0
   0
   0
   0
   0
   0
   0
   0
   0
   0
   0
   0
   0
   0
   0
   0
   0
   0
   0
   0
   0
   0
   0
   0
   0
   0
   0
   0
   0
   0
   0
   0
   0
   0
   0
   0
   0
   0
   0
   0
   0
   0
   0
   0
   0
   0
   0
   0
   0
   0
   0
   0
   0
   0
   0
   0
   0
   0
   0
   0
   0
   0
   0
   0
   0
   0
   0
   0
   0
   0
   0
   0
   0
   0
   0
   0
   0
   0
   0
   0
   0
   0
   0
   0
   0
   0
   0
   0
   0
   0
   0
   0
   0
0.0023604065824265313974
0.003412137293814807867
0.0030149231157300535231
0.001702942835749016735
   0
   0
0.003412137293814807867
0.0049324895967172738496
0.0043582879651993391041
0.0024617262137612363628
   0
   0
0.0030149231157300535231
0.0043582879651993391041
0.003850930369978467971
0.0021751514160702454508
   0
   0
0.001702942835749016735
0.0024617262137612363628
0.0021751514160702454508
0.001228607953993945744
   0
   0
   0
   0
   0
   0
   0
   0
   0
   0
   0
   0
   0
   0
   0
   0
   0
   0
   0
   0
   0
   0
   0
   0
   0
   0
   0
   0
   0
   0
   0
   0
   0
   0
   0
   0
   0
   0
   0
   0
   0
   0
   0
   0
   0
   0
   0
   0
   0
   0
   0
   0
   0
   0
   0
   0
   0
   0
   0
   0
   0
   0
   0
   0
   0
   0
   0
   0
   0
   0
   0
   0
   0
   0
   0
   0
   0
   0
   0
   0
   0
   0
   0
   0
   0
   0
   0
   0
   0
   0
   0
   0
   0
   0
   0
   0
   0
   0
   0
   0
   0
   0
   0
   0
   0
   0
   0
   0
   0
   0
   0
   0
   0
   0
   0
   0
   0
   0
   0
   0
   0
   0
   0
   0
   0
   0
   0
   0
   0
   0
   0
   0
   0
   0
   0
   0
   0
   0
   0
   0
   0
   0
   0
   0
   0
   0
   0
   0
   0
   0
   0
   0
   0
   0
   0
   0
   0
   0
   0
   0
   0
   0
   0
   0
   0
   0
   0
   0
   0
   0
   0
   0
   0
   0
   0
   0
   0
   0
   0
   0
   0
   0
   0
   0
   0
   0
   0
   0
   0
   0
   0
   0
   0
   0
   0
   0
   0
   0
   0
   0
   0
   0
   0
   0
   0
   0
   0
   0
   0
   0
   0
   0
   0
   0
   0
   0
   0
   0
   0
   0
   0
   0
   0
   0
   0
   0
   0
   0
   0
   0
   0
   0
   0
   0
   0
   0
   0
   0
   0
   0
   0
   0
   0
   0
   0
   0
   0
   0
   0
   0
   0
   0
   0
   0
   0
   0
   0
   0
   0
   0
   0
   0
   0
   0
   0
   0
   0
   0
   0
   0
   0
   0
   0
   0
   0
   0
   0
   0
   0
   0
   0
   0
   0
   0
   0
   0
   0
   0
   0
   0
   0
   0
   0
   0
   0
   0
   0
   0
   0
   0
   0
   0
   0
   0
   0
   0
   0
   0
   0
   0
   0
   0
   0
   0
   0
   0
   0
   0
   0
   0
   0
   0
   0
   0
   0
   0
   0
   0
   0
   0
   0
   0
   0
   0
   0
   0
   0
   0
   0
   0
   0
   0
   0
   0
   0
   0
   0
   0
   0
   0
   0
   0
   0
   0
   0
   0
   0
   0
   0
   0
   0
   0
   0
   0
   0
   0
   0
   0
   0
   0
   0
   0
   0
   0
   0
   0
   0
   0
   0
   0
   0
   0
   0
   0
   0
   0
   0
   0
   0
   0
   0
   0
   0
   0
   0
   0
   0
   0
   0
   0
   0
   0
   0
   0
   0
   0
   0
   0
   0
   0
   0
   0
   0
   0
   0
   0
   0
   0
   0
   0
   0
   0
   0
   0
   0
   0
   0
   0
   0
   0
   0
   0
   0
   0
   0
   0
   0
   0
   0
   0
   0
   0
   0
   0
   0
   0
   0
   0
   0
   0
   0
   0
   0
   0
   0
   0
   0
   0
   0
   0
   0
   0
   0
   0
   0
   0
   0
   0
   0
   0
   0
   0
   0
   0
   0
   0
   0
   0
   0
   0
   0
   0
   0
   0
   0
   0
   0
   0
   0
   0
   0
   0
   0
   0
   0
   0
   0
   0
   0
   0
   0
   0
   0
   0
   0
   0
   0
   0
   0
   0
   0
   0
   0
   0
   0
   0
   0
   0
   0
   0
   0
   0
   0
   0
   0
   0
   0
   0
   0
   0
   0
   0
   0
   0
   0
   0
   0
   0
   0
   0
   0
   0
   0
   0
   0
   0
   0
   0
   0
   0
   0
   0
   0
   0
   0
   0
   0
   0
   0
   0
   0
   0
   0
   0
   0
   0
   0
   0
   0
   0
   0
   0
   0
   0
   0
   0
   0
   0
   0
   0
   0
   0
   0
   0
   0
   0
   0
   0
   0
   0
   0
   0
   0
   0
   0
   0
   0
   0
   0
   0
   0
   0
   0
   0
   0
   0
   0
   0
   0
   0
   0
   0
   0
   0
   0
   0
   0
   0
   0
   0
   0
   0
   0
   0
   0
   0
   0
   0
   0
   0
   0
   0
   0
   0
   0
   0
   0
   0
   0
   0
   0
   0
   0
   0
   0
   0
   0
   0
   0
   0
   0
   0
   0
   0
   0
   0
   0
   0
   0
   0
   0
   0
   0
   0
   0
   0
   0
   0
   0
   0
   0
   0
   0
   0
   0
   0
   0
   0
   0
   0
   0
   0
   0
   0
   0
   0
   0
   0
   0
   0
   0
   0
   0
   0
   0
   0
   0
   0
   0
   0
   0
   0
   0
   0
   0
   0
   0
   0
   0
   0
   0
   0
   0
   0
   0
   0
   0
   0
   0
   0
   0
   0
   0
   0
   0
   0
   0
   0
   0
   0
   0
   0
   0
   0
   0
   0
   0
   0
   0
   0
   0
   0
   0
   0
   0
   0
   0
   0
   0
   0
   0
   0
   0
   0
   0
   0
   0
   0
   0
   0
   0
   0
   0
   0
   0
   0
   0
   0
   0
   0
   0
   0
   0
   0
   0
   0
   0
   0
   0
   0
   0
   0
   0
   0
   0
   0
   0
   0
   0
   0
   0
   0
   0
   0
   0
   0
   0
   0
   0
   0
   0
   0
   0
   0
   0
   0
   0
   0
   0
   0
   0
   0
   0
   0
   0
   0
   0
   0
   0
   0
   0
   0
   0
   0
   0
   0
   0
   0
   0
   0
   0
   0
   0
   0
   0
   0
   0
   0
   0
   0
   0
   0
   0
   0
   0
   0
   0
   0
   0
   0
   0
   0
   0
   0
   0
   0
   0
   0
   0
   0
   0
   0
   0
   0
   0
   0
   0
   0
   0
   0
   0
   0
   0
   0
   0
   0
   0
   0
   0
   0
   0
   0
   0
   0
   0
   0
   0
   0
   0
   0
-1.0019051391128761284e+38
-1.6311993289397168764e+38
-1.5999451264139779437e+38
-8.5102641031920441699e+37
   0
   0
-2.7771272161562752397e+34
-8.2390270908665708318e+35
-5.1314388495289531349e+36
-1.2218482451086273065e+37
   0
   0
-1.0996418713499233755e+31
-5.9410186624321106273e+33
-2.3411295141840904364e+35
-2.4547053738218769764e+36
   0
   0
-4.7956574579405827791e+27
-4.7177309698982896133e+31
-1.1753928806512664196e+34
-5.4081764045876470655e+35
   0
   0
-2.1893062589707104430e+24
-3.9214523850226164288e+29
-6.1754000440238767745e+32
-1.2452494269783676062e+35
   0
   0
-1.0265641613865621825e+21
-3.3478993017733588406e+27
-3.3319815144695748450e+31
-2.9426524300140198752e+34
   0
   0
-489893689053499021.22
-2.9088992956310796350e+25
-1.8295303157471459877e+30
-7.0739872633679189943e+33
   0
   0
-236712364123361.65144
-2.5590871964876839763e+23
-1.0170855882286368278e+29
-1.7213661961103029674e+33
   0
   0
-115442546931.39768902
-2.2722975563281209352e+21
-5.7067185123395749307e+27
-4.2269677699772806686e+32
   0
   0
-56705713.754337729449
-20321689089273837646
-3.2249360742974618343e+26
-1.0453107916899153899e+32
   0
   0
-28013.744030506095986
-182783399051527890.16
-1.8328705032285234648e+25
-2.5995933258100114943e+31
   0
   0
-13.904049919315868651
-1651728749578247.4992
-1.0465567090634904969e+24
-6.4947339985342908920e+30
   0
   0
-0.006927803791382994723
-14983876926747.480676
-5.9989277107619984783e+22
-1.6288403526296009395e+30
   0
   0
-3.4631554310372596648e-06
-136373923239.56647712
-3.4498747945943103238e+21
-4.0982633192937592774e+29
   0
   0
-1.7360622988036305215e-09
-1244672260.2829884561
-1.9895154921296971379e+20
-1.0340077091319122126e+29
   0
   0
-8.7239218390740524570e-13
-11387582.017709487444
-11501177981968522859
-2.6151054134801763719e+28
   0
   0
-4.3931756885185129510e-16
-104406.63987109990604
-666278683754396663.94
-6.6277390538680260360e+27
   0
   0
-2.2164429772593894704e-19
-959.03773652745261895
-38670451693248349.948
-1.6828477415533863944e+27
   0
   0
-1.1200951489322544050e-22
-8.823958570624147651
-2248131502509855.981
-4.2799422640088947738e+26
   0
   0
-5.6688799143499970412e-26
-0.081308334030369831455
-130890199088237.31144
-1.0901074163670370880e+26
   0
   0
-2.8728883419420093383e-29
-0.00075021490125101234452
-7630812930454.2129579
-2.7801930531049486508e+25
   0
   0
-2.2403279980627743644e+38
-3.6474725843612468882e+38
-3.5775860629311490140e+38
-1.9029529041213695762e+38
   0
   0
-6.2098452374901836593e+34
-1.8423024643639989065e+36
-1.1474246089930053904e+37
-2.7321357342517155699e+37
   0
   0
-2.4588739752435070983e+31
-1.3284521584793075424e+34
-5.2349247378466843169e+35
-5.4888880805997496625e+36
   0
   0
-1.0723416072758981706e+28
-1.0549167148248589681e+32
-2.6282583814055289963e+34
-1.2093050074968384336e+36
   0
   0
-4.8954376186242673130e+24
-8.7686341034392485141e+29
-1.3808614286692582392e+33
-2.7844623676662905090e+35
   0
   0
-2.2954672481254178050e+21
-7.4861304205893125909e+27
-7.4505371661266684812e+31
-6.5799708676662908687e+34
   0
   0
-1095435590471768419.3
-6.5044965647323510736e+25
-4.0909541529072723733e+30
-1.5817916392858374779e+34
   0
   0
-529304937294519.06698
-5.7222929316958224274e+23
-2.2742725142145918624e+29
-3.8490918286728715138e+33
   0
   0
-258137382434.31498374
-5.0810118010563358335e+21
-1.2760610522047761965e+28
-9.4517872723698942591e+32
   0
   0
-126797830.66734397313
-45440678221232093365
-7.2111762852204370016e+26
-2.3373859878327730804e+32
   0
   0
-62640.635956490572963
-408716105437686947.64
-4.0984230391732262250e+25
-5.8128673903659442476e+31
   0
   0
-31.090400782140748527
-3693377764447688.499
-2.3401719437744350199e+24
-1.4522666716501693933e+31
   0
   0
-0.015491040212313147996
-33504967374698.003605
-1.3414010153371025325e+23
-3.6421977529745160284e+30
   0
   0
-7.7438509604468976318e-06
-304941362722.00898054
-7.7141545545760018977e+21
-9.1639953716347711562e+29
   0
   0
-3.8819533132994696698e-09
-2783171783.7010738157
-4.4486918826909506446e+20
-2.3121115268777857664e+29
   0
   0
-1.9507282262564562278e-12
-25463407.490952627923
-25717415789005467639
-5.8475534728693692502e+28
   0
   0
-9.8234394766268373250e-16
-233460.3440541192705
-1489844428833915734.3
-1.4820075061579046693e+28
   0
   0
-4.9561171654040153800e-19
-2144.4735718629171618
-86469758706725155.739
-3.7629619458953695143e+27
   0
   0
-2.5046088942802718320e-22
-19.730971194557473041
-5026974861970777.0471
-9.5702418420982402917e+26
   0
   0
-1.2676000844769778925e-25
-0.18181096202916639316
-292679382749779.62236
-2.4375542857733617656e+26
   0
   0
-6.4239736243489930646e-29
-0.0016775315169305556202
-17063016436079.995338
-6.2167006573153479403e+25
   0
   0
-4.2441382762885266213e+38
-6.9098712422406806412e+38
-6.7774763157591049014e+38
-3.6050057247597784102e+38
   0
   0
-1.1764099669802734139e+35
-3.4901078825373130729e+36
-2.1737123788987960174e+37
-5.1758322244689701830e+37
   0
   0
-4.6581577179433538493e+31
-2.5166558909657296679e+34
-9.9171837662148651898e+35
-1.0398298828243503615e+37
   0
   0
-2.0314730988640147264e+28
-1.9984629088045168907e+32
-4.9790441427080618354e+34
-2.2909402884143678468e+36
   0
   0
-9.2740501365656881990e+24
-1.6611538873484481372e+30
-2.6159414374740335941e+33
-5.2749612216230257214e+35
   0
   0
-4.3485955708985421700e+21
-1.4181929024136030272e+28
-1.4114500195065818171e+32
-1.2465275727694330619e+35
   0
   0
-2075222968578766461.7
-1.2322295155994510344e+26
-7.7500147844015643488e+30
-2.9965890919594212768e+34
   0
   0
-1002729665541242.3699
-1.0840467324671190380e+24
-4.3084436906718655180e+29
-7.2918242208934774486e+33
   0
   0
-489022476297.11036178
-9.6256069137125777039e+21
-2.4174047546726911827e+28
-1.7905722812324455596e+33
   0
   0
-240209258.17601943203
-86084056399779768658
-1.3661048433815360670e+27
-4.4280075712126038603e+32
   0
   0
-118668.12401750276494
-774282903540742727.98
-7.7641640456302731546e+25
-1.1012054041985967236e+32
   0
   0
-58.89850062077248583
-6996835263604183.4973
-4.4332853619014160138e+24
-2.7512134713570275718e+31
   0
   0
-0.029346647795079137442
-63472721228192.964958
-2.5411865574895022282e+23
-6.8998784582337179075e+30
   0
   0
-1.4670161822521416962e-05
-577689209201.14193478
-1.4613904143764622545e+22
-1.7360522010222289711e+30
   0
   0
-7.3540779109067307130e-09
-5272516304.267050728
-8.4277228669503449204e+20
-4.3801269451416101916e+29
   0
   0
-3.6955125940712667193e-12
-48238571.526371602812
-48719771752942513358
-1.1077764299829721994e+29
   0
   0
-1.8609790853663863227e-15
-442273.62379631908258
-2822401796342709062.2
-2.8075553169315098765e+28
   0
   0
-9.3890031199227943208e-19
-4062.5490449178223997
-163810662093221855.64
-7.1286574290021423031e+27
   0
   0
-4.7447991921447806421e-22
-37.378888335805768343
-9523237866990489.0092
-1.8130126370116029840e+27
   0
   0
-2.4013760673469773008e-25
-0.34442763008990605608
-554459780926254.24525
-4.6177691185074359417e+26
   0
   0
-1.2169750308233011741e-28
-0.0031779613194325803092
-32324642296988.421254
-1.1777086763525245242e+26
   0
   0
-9.4901816916899293712e+38
-1.5450941813421078159e+39
-1.5154897757932187747e+39
-8.0610378598387612377e+38
   0
   0
-2.6305326555761743518e+35
-7.8041184741612832293e+36
-4.8605686427504873485e+37
-1.1573512694046567673e+38
   0
   0
-1.0415957307236631074e+32
-5.6274136481746703987e+34
-2.2175497046613820817e+36
-2.3251303030308884208e+37
   0
   0
-4.5425119435220877309e+28
-4.4686989145988627429e+32
-1.1133481166067390091e+35
-5.1226982172875004002e+36
   0
   0
-2.0737406532102086842e+25
-3.7144530131991579173e+30
-5.8494228793504548659e+33
-1.1795171870224419049e+36
   0
   0
-9.7237553031836465227e+21
-3.1711757350045419386e+28
-3.1560981904601211188e+32
-2.7873203885402681115e+35
   0
   0
-4640339626211031944.8
-2.7553489607620100323e+26
-1.7329559884550274686e+31
-6.7005769102556344532e+34
   0
   0
-2242171695205846.3912
-2.4240021845830064737e+24
-9.6339729695723678641e+29
-1.6305014637897257865e+34
   0
   0
-1093487499525.6184126
-2.1523511383753276344e+22
-5.4054813605793398585e+28
-4.0038413394626191862e+33
   0
   0
-537124230.10637659352
-1.9248980188883337497e+20
-3.0547032941928183176e+27
-9.9013259341151231107e+32
   0
   0
-265349.99206551162587
-1731349206133013346.2
-1.7361198594489069774e+26
-2.4623701409781945968e+32
   0
   0
-131.70105116086084031
-15645399276786614.494
-9.9131274328663225248e+24
-6.1519003425674842329e+31
   0
   0
-0.065621099381541269609
-141929319383133.4106
-5.6822658860552043044e+23
-1.5428597269097036755e+31
   0
   0
-3.2803479076080093589e-05
-1291752341641.8503467
-3.2677683082123555415e+22
-3.8819307339738338701e+30
   0
   0
-1.6444218120617091948e-08
-11789704868.817089913
-1.8844961226030386979e+21
-9.7942615994151325960e+29
   0
   0
-8.2634173720499386845e-12
-107864725.07045269307
-1.0894072148785354958e+20
-2.4770634013139620361e+29
   0
   0
-4.1612757395846239407e-15
-988953.88746373807122
-6311082276439814788.4
-6.2778845392498223568e+28
   0
   0
-2.0994449217104978113e-18
-9084.1358263630974187
-366291775879692061.23
-1.5940162599557671001e+28
   0
   0
-1.0609693533221815690e-21
-83.581735242235684339
-21294607236490834
-4.0540195004240954454e+27
   0
   0
-5.3696401261289543059e-25
-0.77016359421018194363
-1239809760940745.802
-1.0325645653381908972e+27
   0
   0
-2.7212388958408032821e-28
-0.0071061375401161729632
-72280097524431.055468
-2.6334366580155439136e+26
   0
   0
   0
   0
   0
   0
   0
   0
   0
   0
   0
   0
   0
   0
   0
   0
   0
   0
   0
   0
   0
   0
   0
   0
   0
   0
   0
   0
   0
   0
   0
   0
   0
   0
   0
   0
   0
   0
   0
   0
   0
   0
   0
   0
   0
   0
   0
   0
   0
   0
   0
   0
   0
   0
   0
   0
   0
   0
   0
   0
   0
   0
   0
   0
   0
   0
   0
   0
   0
   0
   0
   0
   0
   0
   0
   0
   0
   0
   0
   0
   0
   0
   0
   0
   0
   0
   0
   0
   0
   0
   0
   0
   0
   0
   0
   0
   0
   0
   0
   0
   0
   0
   0
   0
   0
   0
   0
   0
   0
   0
   0
   0
   0
   0
   0
   0
   0
   0
   0
   0
   0
   0
   0
   0
   0
   0
   0
   0
   0
   0
   0
   0
   0
   0
   0
   0
   0
   0
   0
   0
   0
   0
   0
   0
   0
   0
   0
   0
   0
   0
   0
   0
   0
   0
   0
   0
   0
   0
   0
   0
   0
   0
   0
   0
   0
   0
   0
   0
   0
   0
   0
   0
   0
   0
   0
   0
   0
   0
   0
   0
   0
   0
   0
   0
   0
   0
   0
   0
   0
   0
   0
   0
   0
   0
   0
   0
   0
   0
   0
   0
   0
   0
   0
   0
   0
   0
   0
   0
   0
   0
   0
   0
   0
   0
   0
   0
   0
   0
   0
   0
   0
   0
   0
   0
   0
   0
   0
   0
   0
   0
   0
   0
   0
   0
   0
   0
   0
   0
   0
   0
   0
   0
   0
   0
   0
   0
   0
   0
   0
   0
   0
   0
   0
   0
-2.2403279980627743644e+38
-3.6474725843612468882e+38
-3.5775860629311490140e+38
-1.9029529041213695762e+38
   0
   0
-6.2098452374901836593e+34
-1.8423024643639989065e+36
-1.1474246089930053904e+37
-2.7321357342517155699e+37
   0
   0
-2.4588739752435070983e+31
-1.3284521584793075424e+34
-5.2349247378466843169e+35
-5.4888880805997496625e+36
   0
   0
-1.0723416072758981706e+28
-1.0549167148248589681e+32
-2.6282583814055289963e+34
-1.2093050074968384336e+36
   0
   0
-4.8954376186242673130e+24
-8.7686341034392485141e+29
-1.3808614286692582392e+33
-2.7844623676662905090e+35
   0
   0
-2.2954672481254178050e+21
-7.4861304205893125909e+27
-7.4505371661266684812e+31
-6.5799708676662908687e+34
   0
   0
-1095435590471768419.3
-6.5044965647323510736e+25
-4.0909541529072723733e+30
-1.5817916392858374779e+34
   0
   0
-529304937294519.06698
-5.7222929316958224274e+23
-2.2742725142145918624e+29
-3.8490918286728715138e+33
   0
   0
-258137382434.31498374
-5.0810118010563358335e+21
-1.2760610522047761965e+28
-9.4517872723698942591e+32
   0
   0
-126797830.66734397313
-45440678221232093365
-7.2111762852204370016e+26
-2.3373859878327730804e+32
   0
   0
-62640.635956490572963
-408716105437686947.64
-4.0984230391732262250e+25
-5.8128673903659442476e+31
   0
   0
-31.090400782140748527
-3693377764447688.499
-2.3401719437744350199e+24
-1.4522666716501693933e+31
   0
   0
-0.015491040212313147996
-33504967374698.003605
-1.3414010153371025325e+23
-3.6421977529745160284e+30
   0
   0
-7.7438509604468976318e-06
-304941362722.00898054
-7.7141545545760018977e+21
-9.1639953716347711562e+29
   0
   0
-3.8819533132994696698e-09
-2783171783.7010738157
-4.4486918826909506446e+20
-2.3121115268777857664e+29
   0
   0
-1.9507282262564562278e-12
-25463407.490952627923
-25717415789005467639
-5.8475534728693692502e+28
   0
   0
-9.8234394766268373250e-16
-233460.3440541192705
-1489844428833915734.3
-1.4820075061579046693e+28
   0
   0
-4.9561171654040153800e-19
-2144.4735718629171618
-86469758706725155.739
-3.7629619458953695143e+27
   0
   0
-2.5046088942802718320e-22
-19.730971194557473041
-5026974861970777.0471
-9.5702418420982402917e+26
   0
   0
-1.2676000844769778925e-25
-0.18181096202916639316
-292679382749779.62236
-2.4375542857733617656e+26
   0
   0
-6.4239736243489930646e-29
-0.0016775315169305556202
-17063016436079.995338
-6.2167006573153479403e+25
   0
   0
-3.6699881427240679925e+38
-6.2009418965794637028e+38
-6.4626131987323999538e+38
-3.7193544129206091829e+38
   0
   0
-5.4604658749762366664e+34
-1.8146012799654023454e+36
-1.3691268854094653918e+37
-4.2365364569574488699e+37
   0
   0
-1.1606153251526625958e+31
-7.5830049792835033900e+33
-4.1320793542302712848e+35
-6.7839372935338718862e+36
   0
   0
-2.7170006754390627051e+27
-3.4898992356165071277e+31
-1.3727587763647509211e+34
-1.1924945049727044276e+36
   0
   0
-6.6581442929038632536e+23
-1.6812599294209963723e+29
-4.7730091898785005234e+32
-2.1915541744162690327e+35
   0
   0
-1.6758615258060064903e+20
-8.3190314643586837108e+26
-1.7043895490359779967e+31
-4.1343525717710994813e+34
   0
   0
-42929849587336068.154
-4.1893235272604666661e+24
-6.1938100256254828828e+29
-7.9350965536897732981e+33
   0
   0
-11134841561130.808639
-2.1360754354592944952e+22
-2.2789546502672124102e+28
-1.5417348867397121957e+33
   0
   0
-2914973645.4563542195
-1.0992942239171861146e+20
-8.4631056539390343691e+26
-3.0229655841726397818e+32
   0
   0
-768601.49998110512388
-569805256938598027.43
-3.1654333147912054496e+25
-5.9694052679902774501e+31
   0
   0
-203.82209656009160306
-2970446807514783.6489
-1.1907352206547528881e+24
-1.1854472640841784951e+31
   0
   0
-0.054303416001084046051
-15557596210732.656654
-4.5000722925646958765e+22
-2.3650305716865854528e+30
   0
   0
-1.4524030439068165272e-05
-81798807637.817639897
-1.7072815646441016676e+21
-4.7365065647310151851e+29
   0
   0
-3.8973490849185821211e-09
-431492579.5816691885
-64984655383055767311
-9.5167392236953877494e+28
   0
   0
-1.0487413497401868694e-12
-2282529.4933310379573
-2480457020079010431.4
-1.9174512697339505696e+28
   0
   0
-2.8289197149547068893e-16
-12103.540635831455976
-94908334654064244.723
-3.8726201618887881141e+27
   0
   0
-7.6470372414759047092e-20
-64.317428680151597256
-3639118639920117.9044
-7.8378803821697438714e+26
   0
   0
-2.0709851228814361920e-23
-0.3424175253044223071
-139797151144907.03658
-1.5892695733882185307e+26
   0
   0
-5.6179920506535147524e-27
-0.0018260117185500607139
-5379228603394.1420198
-3.2278388401012695714e+25
   0
   0
-1.5262625667925951244e-30
-9.7520302822517545599e-06
-207293172550.17077808
-6.5654702456412480458e+24
   0
   0
-4.1519922807397024602e-34
-5.2151355416986406132e-08
-7998868759.1710313894
-1.3371967951450734397e+24
   0
   0
-6.9525253282237544905e+38
-1.1747232938690724299e+39
-1.2242950168593601561e+39
-7.0460461328023308830e+38
   0
   0
-1.0344455029082129877e+35
-3.4376300055897090955e+36
-2.5937111996487172342e+37
-8.0258098597226358856e+37
   0
   0
-2.1987012302604126149e+31
-1.4365450822242422627e+34
-7.8279234840231992008e+35
-1.2851675270908944706e+37
   0
   0
-5.1471599575168976941e+27
-6.6113600058017331759e+31
-2.6005915526291568004e+34
-2.2590940153382756661e+36
   0
   0
-1.2613369590077986804e+24
-3.1850245254337349840e+29
-9.0421183921983118655e+32
-4.1517398185635522516e+35
   0
   0
-3.1747976428375059105e+20
-1.5759799408864937990e+27
-3.2288419057498411786e+31
-7.8322299291436020978e+34
   0
   0
-81327474363785965.447
-7.9363684019379053797e+24
-1.1733722128432800524e+30
-1.5032462674519630403e+34
   0
   0
-21094146620882.155914
-4.0466393869610733756e+22
-4.3173136565219108968e+28
-2.9207044907528864302e+33
   0
   0
-5522205335.0006658254
-2.0825328686978674334e+20
-1.6032737471127231037e+27
-5.7267882001135937446e+32
   0
   0
-1456059.580607526877
-1079454572319173587.8
-5.9966829428374558107e+25
-1.1308603653778921370e+32
   0
   0
-386.12612185004795248
-5627295201574899.4008
-2.2557611792896485282e+24
-2.2457435305775257325e+31
   0
   0
-0.10287386783663353423
-29472733288209.20207
-8.5250593124998884426e+22
-4.4803782225491432620e+30
   0
   0
-2.7514718186681179212e-05
-154961885380.45333589
-3.2343206187546668180e+21
-8.9729668265760383261e+29
   0
   0
-7.3832440792884021408e-09
-817431275.4742092181
-1.2310869815541989966e+20
-1.8028769555023973492e+29
   0
   0
-1.9867641292737625692e-12
-4324085.936425579461
-4699045224944301670
-3.6324718228013099961e+28
   0
   0
-5.3591824291659280917e-16
-22929.276487891520927
-179796929821178900.04
-7.3363969350966163511e+27
   0
   0
-1.4486755280840943573e-19
-121.84468574687701737
-6894045302739303.2981
-1.4848293715787175034e+27
   0
   0
-3.9233305289428947771e-23
-0.64868507061159936646
-264835524353236.91132
-3.0107554936554774920e+26
   0
   0
-1.0642876899579395073e-26
-0.0034592462507057205045
-10190556932874.365024
-6.1149056668534747393e+25
   0
   0
-2.8913933071372174697e-30
-1.8474511334152308191e-05
-392701822587.68089589
-1.2437805355043677232e+25
   0
   0
-7.8656470734550486623e-34
-9.8796945749439804008e-08
-15153274474.613359607
-2.5332219684407714269e+24
   0
   0
-1.5546319249197352230e+39
-2.6267611398437078896e+39
-2.7376068822117803926e+39
-1.5755438125545522617e+39
   0
   0
-2.3130904635217206361e+35
-7.6867743739915715664e+36
-5.7997145564170603897e+37
-1.7946256420827865280e+38
   0
   0
-4.9164454130747002395e+31
-3.2122124565964304872e+34
-1.7503769032942862360e+36
-2.8737219530505425823e+37
   0
   0
-1.1509399556072712883e+28
-1.4783450396696079376e+32
-5.8150994933905165405e+34
-5.0514877858593369516e+36
   0
   0
-2.8204351828743035384e+24
-7.1219313488738392740e+29
-2.0218791385556529403e+33
-9.2835724592007461130e+35
   0
   0
-7.0990633441907615314e+20
-3.5239982789983003121e+27
-7.2199099898566139483e+31
-1.7513398536973455504e+35
   0
   0
-181853761115796879.54
-1.7746259241214530117e+25
-2.6237400308269259868e+30
-3.3613608409454189359e+34
   0
   0
-47167945771639.985467
-9.0485607496730361916e+22
-9.6538068161711710371e+28
-6.5308937835123599778e+33
   0
   0
-12348026514.773487454
-4.6566850597860755264e+20
-3.5850290850848560408e+27
-1.2805487708197664471e+33
   0
   0
-3255848.2015282646308
-2413733802328634955.7
-1.3408990699698036802e+26
-2.5286806500452164701e+32
   0
   0
-863.4042563450740797
-12583014600179856.678
-5.0440353378967448767e+24
-5.0216351944017250839e+31
   0
   0
-0.23003296159104181257
-65903035115156.676851
-1.9062612134967373169e+23
-1.0018430270529565429e+31
   0
   0
-6.1524780247168865396e-05
-346505309632.22451978
-7.2321607645646162114e+21
-2.0064163784074588223e+30
   0
   0
-1.6509435655761714292e-08
-1827831898.894688451
-2.7527941769702186551e+20
-4.0313554275712239857e+29
   0
   0
-4.4425396483143129885e-12
-9668950.094398429674
-10507384552321248960
-8.1224539221362997057e+28
   0
   0
-1.1983496215437466785e-15
-51271.42090181307433
-402038157225915127.75
-1.6404682256797146821e+28
   0
   0
-3.2393369581364406578e-19
-272.45300002711674481
-15415553936888199.293
-3.3201794098383065650e+27
   0
   0
-8.7728337609165188470e-23
-1.4505039138767872626
-592190235310638.76004
-6.7322539474445844647e+26
   0
   0
-2.3798196223621730307e-26
-0.0077351097674892709045
-22786778030488.841551
-1.3673344747083052063e+26
   0
   0
-6.4653519844467461122e-30
-4.1310263194254893199e-05
-878107970194.1168507
-2.7811778264788569059e+25
   0
   0
-1.7588121543267770426e-33
-2.2091668666510630696e-07
-33883751806.947883324
-5.6644565235293918475e+24
   0
   0
   0
   0
   0
   0
   0
   0
   0
   0
   0
   0
   0
   0
   0
   0
   0
   0
   0
   0
   0
   0
   0
   0
   0
   0
   0
   0
   0
   0
   0
   0
   0
   0
   0
   0
   0
   0
   0
   0
   0
   0
   0
   0
   0
   0
   0
   0
   0
   0
   0
   0
   0
   0
   0
   0
   0
   0
   0
   0
   0
   0
   0
   0
   0
   0
   0
   0
   0
   0
   0
   0
   0
   0
   0
   0
   0
   0
   0
   0
   0
   0
   0
   0
   0
   0
   0
   0
   0
   0
   0
   0
   0
   0
   0
   0
   0
   0
   0
   0
   0
   0
   0
   0
   0
   0
   0
   0
   0
   0
   0
   0
   0
   0
   0
   0
   0
   0
   0
   0
   0
   0
   0
   0
   0
   0
   0
   0
   0
   0
   0
   0
   0
   0
   0
   0
   0
   0
   0
   0
   0
   0
   0
   0
   0
   0
   0
   0
   0
   0
   0
   0
   0
   0
   0
   0
   0
   0
   0
   0
   0
   0
   0
   0
   0
   0
   0
   0
   0
   0
   0
   0
   0
   0
   0
   0
   0
   0
   0
   0
   0
   0
   0
   0
   0
   0
   0
   0
   0
   0
   0
   0
   0
   0
   0
   0
   0
   0
   0
   0
   0
   0
   0
   0
   0
   0
   0
   0
   0
   0
   0
   0
   0
   0
   0
   0
   0
   0
   0
   0
   0
   0
   0
   0
   0
   0
   0
   0
   0
   0
   0
   0
   0
   0
   0
   0
   0
   0
   0
   0
   0
   0
   0
   0
   0
   0
   0
   0
   0
   0
   0
   0
   0
   0
-4.2441382762885266213e+38
-6.9098712422406806412e+38
-6.7774763157591049014e+38
-3.6050057247597784102e+38
   0
   0
-1.1764099669802734139e+35
-3.4901078825373130729e+36
-2.1737123788987960174e+37
-5.1758322244689701830e+37
   0
   0
-4.6581577179433538493e+31
-2.5166558909657296679e+34
-9.9171837662148651898e+35
-1.0398298828243503615e+37
   0
   0
-2.0314730988640147264e+28
-1.9984629088045168907e+32
-4.9790441427080618354e+34
-2.2909402884143678468e+36
   0
   0
-9.2740501365656881990e+24
-1.6611538873484481372e+30
-2.6159414374740335941e+33
-5.2749612216230257214e+35
   0
   0
-4.3485955708985421700e+21
-1.4181929024136030272e+28
-1.4114500195065818171e+32
-1.2465275727694330619e+35
   0
   0
-2075222968578766461.7
-1.2322295155994510344e+26
-7.7500147844015643488e+30
-2.9965890919594212768e+34
   0
   0
-1002729665541242.3699
-1.0840467324671190380e+24
-4.3084436906718655180e+29
-7.2918242208934774486e+33
   0
   0
-489022476297.11036178
-9.6256069137125777039e+21
-2.4174047546726911827e+28
-1.7905722812324455596e+33
   0
   0
-240209258.17601943203
-86084056399779768658
-1.3661048433815360670e+27
-4.4280075712126038603e+32
   0
   0
-118668.12401750276494
-774282903540742727.98
-7.7641640456302731546e+25
-1.1012054041985967236e+32
   0
   0
-58.89850062077248583
-6996835263604183.4973
-4.4332853619014160138e+24
-2.7512134713570275718e+31
   0
   0
-0.029346647795079137442
-63472721228192.964958
-2.5411865574895022282e+23
-6.8998784582337179075e+30
   0
   0
-1.4670161822521416962e-05
-577689209201.14193478
-1.4613904143764622545e+22
-1.7360522010222289711e+30
   0
   0
-7.3540779109067307130e-09
-5272516304.267050728
-8.4277228669503449204e+20
-4.3801269451416101916e+29
   0
   0
-3.6955125940712667193e-12
-48238571.526371602812
-48719771752942513358
-1.1077764299829721994e+29
   0
   0
-1.8609790853663863227e-15
-442273.62379631908258
-2822401796342709062.2
-2.8075553169315098765e+28
   0
   0
-9.3890031199227943208e-19
-4062.5490449178223997
-163810662093221855.64
-7.1286574290021423031e+27
   0
   0
-4.7447991921447806421e-22
-37.378888335805768343
-9523237866990489.0092
-1.8130126370116029840e+27
   0
   0
-2.4013760673469773008e-25
-0.34442763008990605608
-554459780926254.24525
-4.6177691185074359417e+26
   0
   0
-1.2169750308233011741e-28
-0.0031779613194325803092
-32324642296988.421254
-1.1777086763525245242e+26
   0
   0
-6.9525253282237544905e+38
-1.1747232938690724299e+39
-1.2242950168593601561e+39
-7.0460461328023308830e+38
   0
   0
-1.0344455029082129877e+35
-3.4376300055897090955e+36
-2.5937111996487172342e+37
-8.0258098597226358856e+37
   0
   0
-2.1987012302604126149e+31
-1.4365450822242422627e+34
-7.8279234840231992008e+35
-1.2851675270908944706e+37
   0
   0
-5.1471599575168976941e+27
-6.6113600058017331759e+31
-2.6005915526291568004e+34
-2.2590940153382756661e+36
   0
   0
-1.2613369590077986804e+24
-3.1850245254337349840e+29
-9.0421183921983118655e+32
-4.1517398185635522516e+35
   0
   0
-3.1747976428375059105e+20
-1.5759799408864937990e+27
-3.2288419057498411786e+31
-7.8322299291436020978e+34
   0
   0
-81327474363785965.447
-7.9363684019379053797e+24
-1.1733722128432800524e+30
-1.5032462674519630403e+34
   0
   0
-21094146620882.155914
-4.0466393869610733756e+22
-4.3173136565219108968e+28
-2.9207044907528864302e+33
   0
   0
-5522205335.0006658254
-2.0825328686978674334e+20
-1.6032737471127231037e+27
-5.7267882001135937446e+32
   0
   0
-1456059.580607526877
-1079454572319173587.8
-5.9966829428374558107e+25
-1.1308603653778921370e+32
   0
   0
-386.12612185004795248
-5627295201574899.4008
-2.2557611792896485282e+24
-2.2457435305775257325e+31
   0
   0
-0.10287386783663353423
-29472733288209.20207
-8.5250593124998884426e+22
-4.4803782225491432620e+30
   0
   0
-2.7514718186681179212e-05
-154961885380.45333589
-3.2343206187546668180e+21
-8.9729668265760383261e+29
   0
   0
-7.3832440792884021408e-09
-817431275.4742092181
-1.2310869815541989966e+20
-1.8028769555023973492e+29
   0
   0
-1.9867641292737625692e-12
-4324085.936425579461
-4699045224944301670
-3.6324718228013099961e+28
   0
   0
-5.3591824291659280917e-16
-22929.276487891520927
-179796929821178900.04
-7.3363969350966163511e+27
   0
   0
-1.4486755280840943573e-19
-121.84468574687701737
-6894045302739303.2981
-1.4848293715787175034e+27
   0
   0
-3.9233305289428947771e-23
-0.64868507061159936646
-264835524353236.91132
-3.0107554936554774920e+26
   0
   0
-1.0642876899579395073e-26
-0.0034592462507057205045
-10190556932874.365024
-6.1149056668534747393e+25
   0
   0
-2.8913933071372174697e-30
-1.8474511334152308191e-05
-392701822587.68089589
-1.2437805355043677232e+25
   0
   0
-7.8656470734550486623e-34
-9.8796945749439804008e-08
-15153274474.613359607
-2.5332219684407714269e+24
   0
   0
-7.0620313952075225405e+38
-1.2562718212072247412e+39
-1.4480884300902679923e+39
-9.8197401741941839872e+38
   0
   0
-3.0210805464646389614e+34
-1.1740224526829714380e+36
-1.2127264198910709532e+37
-6.4173283552409064286e+37
   0
   0
-1.8462670197202694041e+30
-1.5671782796801179368e+33
-1.4492972786435700417e+35
-5.9381426215918583822e+36
   0
   0
-1.2427127594370823872e+26
-2.3040631313083508596e+30
-1.9072226948462254691e+33
-6.0409528643948973548e+35
   0
   0
-8.7560746306849947779e+21
-3.5459212532020995895e+27
-2.6270771886297991833e+31
-6.4288033567051832827e+34
   0
   0
-633679757058769671.61
-5.6051044032927142845e+24
-3.7166290036980598328e+29
-7.0248263435197906257e+33
   0
   0
-46673099045811.310827
-9.0172428400631108746e+21
-5.3512188741727639141e+27
-7.8108587406864084785e+32
   0
   0
-3480702889.4925002263
-14688137555628871617
-7.8010673104417508966e+25
-8.7925951739285328516e+31
   0
   0
-261995.13806826717795
-24148227707378560.954
-1.1478299424245335130e+24
-9.9891706587473016744e+30
   0
   0
-19.862574868203215681
-39987067490213.699883
-1.7010399552572284789e+22
-1.1429722524283300016e+30
   0
   0
-0.0015144722765414230725
-66594308864.446770287
-2.5353216971281489855e+20
-1.3152533526255254619e+29
   0
   0
-1.1601468746597626973e-07
-111424423.31470785345
-3796436178014654874.9
-1.5205373349019582819e+28
   0
   0
-8.9217232892550257255e-12
-187157.69562442950517
-57069253962282432.892
-1.7646547731644754529e+27
   0
   0
-6.8834583846019083389e-16
-315.3966399308251605
-860695674265357.02499
-2.0546480561296616609e+26
   0
   0
-5.3257597240700922510e-20
-0.5329952037270346507
-13017072296798.962929
-2.3989785490567510440e+25
   0
   0
-4.1305663220781431614e-24
-0.00090290620084524146205
-197346590955.46592372
-2.8077848271456909391e+24
   0
   0
-3.2103914373045557855e-28
-1.5327886695260964300e-06
-2998236290.8636308049
-3.2931980175813045489e+23
   0
   0
-2.4998708507454663518e-32
-2.6069522945468750077e-09
-45636561.312675934159
-3.8697232677363559405e+22
   0
   0
-1.9498335012324355478e-36
-4.4412398207337584912e-12
-695792.96385699870638
-4.5546991096649550968e+21
   0
   0
-1.5230756604325036222e-40
-7.5773846370038308453e-15
-10624.069063538852075
-5.3688493774634891502e+20
   0
   0
-1.1913094389490046447e-44
-1.2945343309823387913e-17
-162.43539507388166156
-63369455776225347980
   0
   0
-1.5791182258921702950e+39
-2.8091091904368164370e+39
-3.2380241671127911538e+39
-2.1957606550883821555e+39
   0
   0
-6.7553414673971446738e+34
-2.6251940113101544911e+36
-2.7117387129863877559e+37
-1.4349582436255585576e+38
   0
   0
-4.1283785607104671457e+30
-3.5043171662259210789e+33
-3.2407272346524768141e+35
-1.3278090561968205791e+37
   0
   0
-2.7787902066076595053e+26
-5.1520417860564964830e+30
-4.2646795939064979626e+33
-1.3507981253659059456e+36
   0
   0
-1.9579178090273014279e+22
-7.9289209650211385080e+27
-5.8743231759152685725e+31
-1.4375241319571618247e+35
   0
   0
-1416951012748961183.1
-1.2533394466745905197e+25
-8.3106350994161790508e+29
-1.5707989234241541110e+34
   0
   0
-104364222187014.66213
-2.0163167960004379948e+22
-1.1965689165130193811e+28
-1.7465611106823211717e+33
   0
   0
-7783088270.3851689782
-32843674037253755731
-1.7443716803199209967e+26
-1.9660840507540786069e+32
   0
   0
-585838.93849508834703
-53997078689842362.162
-2.5666257778709267061e+24
-2.2336464631805320781e+31
   0
   0
-44.414067613481316378
-89413801128989.739519
-3.8036409723983636423e+22
-2.5557636528257949593e+30
   0
   0
-0.0033864629603854820859
-148909401535.51980627
-5.6691516596086744733e+20
-2.9409959041051764320e+29
   0
   0
-2.5941672756231575923e-07
-249152584.88539920292
-8489089366280260887.5
-3.4000248431671422419e+28
   0
   0
-1.9949579751217256586e-11
-418497.3299284393233
-127610731284862739.14
-3.9458880296152387877e+27
   0
   0
-1.5391880868260758706e-15
-705.24832676034962753
-1924574035597354.6739
-4.5943327233437269281e+26
   0
   0
-1.1908760774851249222e-19
-1.1918135072149987427
-29107058523671.799224
-5.3642791122547093260e+25
   0
   0
-9.2362270817380185032e-24
-0.0020189596423960379822
-441280392504.26697794
-6.2783977396902617490e+24
   0
   0
-7.1786534881962409502e-28
-3.4274196602018119769e-06
-6704260158.9779101225
-7.3638146306793445334e+23
   0
   0
-5.5898811572370935810e-32
-5.8293225447058668261e-09
-102046453.35448042368
-8.6529642807711106146e+22
   0
   0
-4.3599602535621458559e-36
-9.9309141435396639071e-12
-1555840.3654503033689
-1.0184616826268608977e+22
   0
   0
-3.4057007116024648416e-40
-1.6943547140003134147e-14
-23756.140623725405673
-1.2005112168965789176e+21
   0
   0
-2.6638488877271100049e-44
-2.8946667632837216442e-17
-363.21658533723386931
-1.4169841081280657962e+20
   0
   0
   0
   0
   0
   0
   0
   0
   0
   0
   0
   0
   0
   0
   0
   0
   0
   0
   0
   0
   0
   0
   0
   0
   0
   0
   0
   0
   0
   0
   0
   0
   0
   0
   0
   0
   0
   0
   0
   0
   0
   0
   0
   0
   0
   0
   0
   0
   0
   0
   0
   0
   0
   0
   0
   0
   0
   0
   0
   0
   0
   0
   0
   0
   0
   0
   0
   0
   0
   0
   0
   0
   0
   0
   0
   0
   0
   0
   0
   0
   0
   0
   0
   0
   0
   0
   0
   0
   0
   0
   0
   0
   0
   0
   0
   0
   0
   0
   0
   0
   0
   0
   0
   0
   0
   0
   0
   0
   0
   0
   0
   0
   0
   0
   0
   0
   0
   0
   0
   0
   0
   0
   0
   0
   0
   0
   0
   0
   0
   0
   0
   0
   0
   0
   0
   0
   0
   0
   0
   0
   0
   0
   0
   0
   0
   0
   0
   0
   0
   0
   0
   0
   0
   0
   0
   0
   0
   0
   0
   0
   0
   0
   0
   0
   0
   0
   0
   0
   0
   0
   0
   0
   0
   0
   0
   0
   0
   0
   0
   0
   0
   0
   0
   0
   0
   0
   0
   0
   0
   0
   0
   0
   0
   0
   0
   0
   0
   0
   0
   0
   0
   0
   0
   0
   0
   0
   0
   0
   0
   0
   0
   0
   0
   0
   0
   0
   0
   0
   0
   0
   0
   0
   0
   0
   0
   0
   0
   0
   0
   0
   0
   0
   0
   0
   0
   0
   0
   0
   0
   0
   0
   0
   0
   0
   0
   0
   0
   0
   0
   0
   0
   0
   0
   0
-9.4901816916899293712e+38
-1.5450941813421078159e+39
-1.5154897757932187747e+39
-8.0610378598387612377e+38
   0
   0
-2.6305326555761743518e+35
-7.8041184741612832293e+36
-4.8605686427504873485e+37
-1.1573512694046567673e+38
   0
   0
-1.0415957307236631074e+32
-5.6274136481746703987e+34
-2.2175497046613820817e+36
-2.3251303030308884208e+37
   0
   0
-4.5425119435220877309e+28
-4.4686989145988627429e+32
-1.1133481166067390091e+35
-5.1226982172875004002e+36
   0
   0
-2.0737406532102086842e+25
-3.7144530131991579173e+30
-5.8494228793504548659e+33
-1.1795171870224419049e+36
   0
   0
-9.7237553031836465227e+21
-3.1711757350045419386e+28
-3.1560981904601211188e+32
-2.7873203885402681115e+35
   0
   0
-4640339626211031944.8
-2.7553489607620100323e+26
-1.7329559884550274686e+31
-6.7005769102556344532e+34
   0
   0
-2242171695205846.3912
-2.4240021845830064737e+24
-9.6339729695723678641e+29
-1.6305014637897257865e+34
   0
   0
-1093487499525.6184126
-2.1523511383753276344e+22
-5.4054813605793398585e+28
-4.0038413394626191862e+33
   0
   0
-537124230.10637659352
-1.9248980188883337497e+20
-3.0547032941928183176e+27
-9.9013259341151231107e+32
   0
   0
-265349.99206551162587
-1731349206133013346.2
-1.7361198594489069774e+26
-2.4623701409781945968e+32
   0
   0
-131.70105116086084031
-15645399276786614.494
-9.9131274328663225248e+24
-6.1519003425674842329e+31
   0
   0
-0.065621099381541269609
-141929319383133.4106
-5.6822658860552043044e+23
-1.5428597269097036755e+31
   0
   0
-3.2803479076080093589e-05
-1291752341641.8503467
-3.2677683082123555415e+22
-3.8819307339738338701e+30
   0
   0
-1.6444218120617091948e-08
-11789704868.817089913
-1.8844961226030386979e+21
-9.7942615994151325960e+29
   0
   0
-8.2634173720499386845e-12
-107864725.07045269307
-1.0894072148785354958e+20
-2.4770634013139620361e+29
   0
   0
-4.1612757395846239407e-15
-988953.88746373807122
-6311082276439814788.4
-6.2778845392498223568e+28
   0
   0
-2.0994449217104978113e-18
-9084.1358263630974187
-366291775879692061.23
-1.5940162599557671001e+28
   0
   0
-1.0609693533221815690e-21
-83.581735242235684339
-21294607236490834
-4.0540195004240954454e+27
   0
   0
-5.3696401261289543059e-25
-0.77016359421018194363
-1239809760940745.802
-1.0325645653381908972e+27
   0
   0
-2.7212388958408032821e-28
-0.0071061375401161729632
-72280097524431.055468
-2.6334366580155439136e+26
   0
   0
-1.5546319249197352230e+39
-2.6267611398437078896e+39
-2.7376068822117803926e+39
-1.5755438125545522617e+39
   0
   0
-2.3130904635217206361e+35
-7.6867743739915715664e+36
-5.7997145564170603897e+37
-1.7946256420827865280e+38
   0
   0
-4.9164454130747002395e+31
-3.2122124565964304872e+34
-1.7503769032942862360e+36
-2.8737219530505425823e+37
   0
   0
-1.1509399556072712883e+28
-1.4783450396696079376e+32
-5.8150994933905165405e+34
-5.0514877858593369516e+36
   0
   0
-2.8204351828743035384e+24
-7.1219313488738392740e+29
-2.0218791385556529403e+33
-9.2835724592007461130e+35
   0
   0
-7.0990633441907615314e+20
-3.5239982789983003121e+27
-7.2199099898566139483e+31
-1.7513398536973455504e+35
   0
   0
-181853761115796879.54
-1.7746259241214530117e+25
-2.6237400308269259868e+30
-3.3613608409454189359e+34
   0
   0
-47167945771639.985467
-9.0485607496730361916e+22
-9.6538068161711710371e+28
-6.5308937835123599778e+33
   0
   0
-12348026514.773487454
-4.6566850597860755264e+20
-3.5850290850848560408e+27
-1.2805487708197664471e+33
   0
   0
-3255848.2015282646308
-2413733802328634955.7
-1.3408990699698036802e+26
-2.5286806500452164701e+32
   0
   0
-863.4042563450740797
-12583014600179856.678
-5.0440353378967448767e+24
-5.0216351944017250839e+31
   0
   0
-0.23003296159104181257
-65903035115156.676851
-1.9062612134967373169e+23
-1.0018430270529565429e+31
   0
   0
-6.1524780247168865396e-05
-346505309632.22451978
-7.2321607645646162114e+21
-2.0064163784074588223e+30
   0
   0
-1.6509435655761714292e-08
-1827831898.894688451
-2.7527941769702186551e+20
-4.0313554275712239857e+29
   0
   0
-4.4425396483143129885e-12
-9668950.094398429674
-10507384552321248960
-8.1224539221362997057e+28
   0
   0
-1.1983496215437466785e-15
-51271.42090181307433
-402038157225915127.75
-1.6404682256797146821e+28
   0
   0
-3.2393369581364406578e-19
-272.45300002711674481
-15415553936888199.293
-3.3201794098383065650e+27
   0
   0
-8.7728337609165188470e-23
-1.4505039138767872626
-592190235310638.76004
-6.7322539474445844647e+26
   0
   0
-2.3798196223621730307e-26
-0.0077351097674892709045
-22786778030488.841551
-1.3673344747083052063e+26
   0
   0
-6.4653519844467461122e-30
-4.1310263194254893199e-05
-878107970194.1168507
-2.7811778264788569059e+25
   0
   0
-1.7588121543267770426e-33
-2.2091668666510630696e-07
-33883751806.947883324
-5.6644565235293918475e+24
   0
   0
-1.5791182258921702950e+39
-2.8091091904368164370e+39
-3.2380241671127911538e+39
-2.1957606550883821555e+39
   0
   0
-6.7553414673971446738e+34
-2.6251940113101544911e+36
-2.7117387129863877559e+37
-1.4349582436255585576e+38
   0
   0
-4.1283785607104671457e+30
-3.5043171662259210789e+33
-3.2407272346524768141e+35
-1.3278090561968205791e+37
   0
   0
-2.7787902066076595053e+26
-5.1520417860564964830e+30
-4.2646795939064979626e+33
-1.3507981253659059456e+36
   0
   0
-1.9579178090273014279e+22
-7.9289209650211385080e+27
-5.8743231759152685725e+31
-1.4375241319571618247e+35
   0
   0
-1416951012748961183.1
-1.2533394466745905197e+25
-8.3106350994161790508e+29
-1.5707989234241541110e+34
   0
   0
-104364222187014.66213
-2.0163167960004379948e+22
-1.1965689165130193811e+28
-1.7465611106823211717e+33
   0
   0
-7783088270.3851689782
-32843674037253755731
-1.7443716803199209967e+26
-1.9660840507540786069e+32
   0
   0
-585838.93849508834703
-53997078689842362.162
-2.5666257778709267061e+24
-2.2336464631805320781e+31
   0
   0
-44.414067613481316378
-89413801128989.739519
-3.8036409723983636423e+22
-2.5557636528257949593e+30
   0
   0
-0.0033864629603854820859
-148909401535.51980627
-5.6691516596086744733e+20
-2.9409959041051764320e+29
   0
   0
-2.5941672756231575923e-07
-249152584.88539920292
-8489089366280260887.5
-3.4000248431671422419e+28
   0
   0
-1.9949579751217256586e-11
-418497.3299284393233
-127610731284862739.14
-3.9458880296152387877e+27
   0
   0
-1.5391880868260758706e-15
-705.24832676034962753
-1924574035597354.6739
-4.5943327233437269281e+26
   0
   0
-1.1908760774851249222e-19
-1.1918135072149987427
-29107058523671.799224
-5.3642791122547093260e+25
   0
   0
-9.2362270817380185032e-24
-0.0020189596423960379822
-441280392504.26697794
-6.2783977396902617490e+24
   0
   0
-7.1786534881962409502e-28
-3.4274196602018119769e-06
-6704260158.9779101225
-7.3638146306793445334e+23
   0
   0
-5.5898811572370935810e-32
-5.8293225447058668261e-09
-102046453.35448042368
-8.6529642807711106146e+22
   0
   0
-4.3599602535621458559e-36
-9.9309141435396639071e-12
-1555840.3654503033689
-1.0184616826268608977e+22
   0
   0
-3.4057007116024648416e-40
-1.6943547140003134147e-14
-23756.140623725405673
-1.2005112168965789176e+21
   0
   0
-2.6638488877271100049e-44
-2.8946667632837216442e-17
-363.21658533723386931
-1.4169841081280657962e+20
   0
   0
-9.8866590016384925328e+38
-1.8439256080992248923e+39
-2.3911000521626269320e+39
-2.1780995837260873715e+39
   0
   0
-3.3158919879132361552e+33
-1.4863233975038875975e+35
-2.2015014724528926996e+36
-2.9691628697064610849e+37
   0
   0
-1.5887404986136933043e+28
-1.7115147509394331018e+31
-2.8952775924687947268e+33
-5.7718646877090183722e+35
   0
   0
-8.3839762627862861352e+22
-2.1706589332845522202e+27
-4.1936826587453639710e+30
-1.2353413717533602863e+34
   0
   0
-463137267686989430.04
-2.8818065729995346586e+23
-6.3585738160147246807e+27
-2.7673426557189514768e+32
   0
   0
-2627793165767.804762
-39297024915880489114
-9.9024761714494427722e+24
-6.3669744292704980213e+30
   0
   0
-15174315.079447464552
-5453695683112187.4856
-1.5695073346891981057e+22
-1.4908173078084148776e+29
   0
   0
-88.721842716483601788
-766347268578.7522285
-25187543220025645721
-3.5343527205187348436e+27
   0
   0
-0.00052357390097300903476
-108689170.24416118231
-40797527128140148.827
-8.4569771121101137370e+25
   0
   0
-3.1120135209928381441e-09
-15526.120697084736885
-66557597534568.834092
-2.0381314572607697676e+24
   0
   0
-1.8603233395765381033e-14
-2.230607199348808157
-109205548574.7288429
-4.9400303539768097157e+22
   0
   0
-1.1172780508379144379e-19
-0.00032196532468501620566
-180018647.00213257424
-1.2029584222343418954e+21
   0
   0
-6.7362505564132246476e-25
-4.6652962408746276304e-08
-297902.60353528298928
-29407221436371733046
   0
   0
-4.0747162264067362255e-30
-6.7822143957338771375e-12
-494.59894348878788399
-721237272793839959.38
   0
   0
-2.4716868337122920230e-35
-9.8873688429668717979e-16
-0.82347218957796050173
-17738552470527376.199
   0
   0
-1.5029435708868581688e-40
-1.4449176872609473066e-19
-0.0013743513897355215063
-437331198085629.17595
   0
   0
-9.1582451729820365920e-46
-2.1160495591203361096e-23
-2.2986187609868921048e-06
-10804940373804.950646
   0
   0
-5.5910458499606292567e-51
-3.1047008204801932092e-27
-3.8516539875753718554e-09
-267451403585.83595607
   0
   0
-3.4189615322199504447e-56
-4.5628274732295273402e-31
-6.4646932590905174250e-12
-6631125577.7555124298
   0
   0
-2.0938201303700561231e-61
-6.7157161623484733594e-35
-1.0866571648693339639e-14
-164654342.14149344962
   0
   0
-1.2839960369411476086e-66
-9.8975971024735635122e-39
-1.8290109450012906262e-17
-4093906.4159362497709
   0
   0
   0
   0
   0
   0
   0
   0
   0
   0
   0
   0
   0
   0
   0
   0
   0
   0
   0
   0
   0
   0
   0
   0
   0
   0
   0
   0
   0
   0
   0
   0
   0
   0
   0
   0
   0
   0
   0
   0
   0
   0
   0
   0
   0
   0
   0
   0
   0
   0
   0
   0
   0
   0
   0
   0
   0
   0
   0
   0
   0
   0
   0
   0
   0
   0
   0
   0
   0
   0
   0
   0
   0
   0
   0
   0
   0
   0
   0
   0
   0
   0
   0
   0
   0
   0
   0
   0
   0
   0
   0
   0
   0
   0
   0
   0
   0
   0
   0
   0
   0
   0
   0
   0
   0
   0
   0
   0
   0
   0
   0
   0
   0
   0
   0
   0
   0
   0
   0
   0
   0
   0
   0
   0
   0
   0
   0
   0
   0
   0
   0
   0
   0
   0
   0
   0
   0
   0
   0
   0
   0
   0
   0
   0
   0
   0
   0
   0
   0
   0
   0
   0
   0
   0
   0
   0
   0
   0
   0
   0
   0
   0
   0
   0
   0
   0
   0
   0
   0
   0
   0
   0
   0
   0
   0
   0
   0
   0
   0
   0
   0
   0
   0
   0
   0
   0
   0
   0
   0
   0
   0
   0
   0
   0
   0
   0
   0
   0
   0
   0
   0
   0
   0
   0
   0
   0
   0
   0
   0
   0
   0
   0
   0
   0
   0
   0
   0
   0
   0
   0
   0
   0
   0
   0
   0
   0
   0
   0
   0
   0
   0
   0
   0
   0
   0
   0
   0
   0
   0
   0
   0
   0
   0
   0
   0
   0
   0
   0
   0
   0
   0
   0
   0
   0
   0
   0
   0
   0
   0
   0
   0
   0
   0
   0
   0
   0
   0
   0
   0
   0
   0
   0
   0
   0
   0
   0
   0
   0
   0
   0
   0
   0
   0
   0
   0
   0
   0
   0
   0
   0
   0
   0
   0
   0
   0
   0
   0
   0
   0
   0
   0
   0
   0
   0
   0
   0
   0
   0
   0
   0
   0
   0
   0
   0
   0
   0
   0
   0
   0
   0
   0
   0
   0
   0
   0
   0
   0
   0
   0
   0
   0
   0
   0
   0
   0
   0
   0
   0
   0
   0
   0
   0
   0
   0
   0
   0
   0
   0
   0
   0
   0
   0
   0
   0
   0
   0
   0
   0
   0
   0
   0
   0
   0
   0
   0
   0
   0
   0
   0
   0
   0
   0
   0
   0
   0
   0
   0
   0
   0
   0
   0
   0
   0
   0
   0
   0
   0
   0
   0
   0
   0
   0
   0
   0
   0
   0
   0
   0
   0
   0
   0
   0
   0
   0
   0
   0
   0
   0
   0
   0
   0
   0
   0
   0
   0
   0
   0
   0
   0
   0
   0
   0
   0
   0
   0
   0
   0
   0
   0
   0
   0
   0
   0
   0
   0
   0
   0
   0
   0
   0
   0
   0
   0
   0
   0
   0
   0
   0
   0
   0
   0
   0
   0
   0
   0
   0
   0
   0
   0
   0
   0
   0
   0
   0
   0
   0
   0
   0
   0
   0
   0
   0
   0
   0
   0
   0
   0
   0
   0
   0
   0
   0
   0
   0
   0
   0
   0
   0
   0
   0
   0
   0
   0
   0
   0
   0
   0
   0
   0
   0
   0
   0
   0
   0
   0
   0
   0
   0
   0
   0
   0
   0
   0
   0
   0
   0
   0
   0
   0
   0
   0
   0
   0
   0
   0
   0
   0
   0
   0
   0
   0
   0
   0
   0
   0
   0
   0
   0
   0
   0
   0
   0
   0
   0
   0
   0
   0
   0
   0
   0
   0
   0
   0
   0
   0
   0
   0
   0
   0
   0
   0
   0
   0
   0
   0
   0
   0
   0
   0
   0
   0
   0
   0
   0
   0
   0
   0
   0
   0
   0
   0
   0
   0
   0
   0
   0
   0
   0
   0
   0
   0
   0
   0
   0
   0
   0
   0
   0
   0
   0
   0
   0
   0
   0
   0
   0
   0
   0
   0
   0
   0
   0
   0
   0
   0
   0
   0
   0
   0
   0
   0
   0
   0
   0
   0
   0
   0
   0
   0
   0
   0
   0
   0
   0
   0
   0
   0
   0
   0
   0
   0
   0
   0
   0
   0
   0
   0
   0
   0
   0
   0
   0
   0
   0
   0
   0
   0
   0
   0
   0
   0
   0
   0
   0
   0
   0
   0
   0
   0
   0
   0
   0
   0
   0
   0
   0
   0
   0
   0
   0
   0
   0
   0
   0
   0
   0
   0
   0
   0
   0
   0
   0
   0
   0
   0
   0
   0
   0
   0
   0
   0
   0
   0
   0
   0
   0
   0
   0
   0
   0
   0
   0
   0
   0
   0
   0
   0
   0
   0
   0
   0
   0
   0
   0
   0
   0
   0
   0
   0
   0
   0
   0
   0
   0
   0
   0
   0
   0
   0
   0
   0
   0
   0
   0
   0
   0
   0
   0
   0
   0
   0
   0
   0
   0
   0
   0
   0
   0
   0
   0
   0
   0
   0
   0
   0
   0
   0
   0
   0
   0
   0
   0
   0
   0
   0
   0
   0
   0
   0
   0
   0
   0
   0
   0
   0
   0
   0
   0
   0
   0
   0
   0
   0
   0
   0
   0
   0
   0
   0
   0
   0
   0
   0
   0
   0
   0
   0
   0
   0
   0
   0
   0
   0
   0
   0
   0
   0
   0
   0
   0
   0
   0
   0
   0
   0
   0
   0
   0
   0
   0
   0
   0
   0
   0
   0
   0
   0
   0
   0
   0
   0
   0
   0
   0
   0
   0
   0
   0
   0
   0
   0
   0
   0
   0
   0
   0
   0
   0
   0
   0
   0
   0
   0
   0
   0
   0
   0
   0
   0
   0
   0
   0
   0
   0
   0
   0
   0
   0
   0
   0
   0
   0
   0
   0
   0
   0
   0
   0
   0
   0
   0
   0
   0
   0
   0
   0
   0
   0
   0
   0
   0
   0
   0
   0
   0
   0
   0
   0
   0
   0
   0
   0
   0
   0
   0
   0
   0
   0
   0
   0
   0
   0
   0
   0
   0
   0
   0
   0
   0
   0
   0
   0
   0
   0
   0
   0
   0
   0
   0
   0
   0
   0
   0
   0
   0
   0
   0
   0
   0
   0
   0
   0
   0
   0
   0
   0
   0
   0
   0
   0
   0
   0
   0
   0
   0
   0
   0
   0
   0
   0
   0
   0
   0
   0
   0
   0
   0
   0
   0
   0
   0
   0
   0
   0
   0
   0
   0
   0
   0
   0
   0
   0
   0
   0
   0
   0
   0
   0
   0
   0
   0
   0
   0
   0
   0
   0
   0
   0
   0
   0
   0
   0
   0
   0
   0
   0
   0
   0
   0
   0
   0
   0
   0
   0
   0
   0
   0
   0
   0
   0
   0
   0
   0
   0
   0
   0
   0
   0
   0
   0
   0
   0
   0
   0
   0
   0
   0
   0
   0
   0
   0
   0
   0
   0
   0
   0
   0
   0
   0
   0
   0
   0
   0
   0
   0
   0
   0
   0
   0
   0
   0
   0
   0
   0
   0
   0
   0
   0
   0
   0
   0
   0
   0
   0
   0
   0
   0
   0
   0
   0
   0
   0
   0
   0
   0
   0
   0
   0
   0
   0
   0
   0
   0
   0
   0
   0
   0
   0
   0
   0
   0
   0
   0
   0
   0
   0
   0
   0
   0
   0
   0
   0
   0
   0
   0
   0
   0
   0
   0
   0
   0
   0
   0
   0
   0
   0
   0
   0
   0
   0
   0
   0
   0
   0
   0
   0
   0
   0
   0
   0
   0
   0
   0
   0
   0
   0
   0
   0
   0
   0
   0
   0
   0
   0
   0
   0
   0
   0
   0
   0
   0
   0
   0
   0
   0
   0
   0
   0
   0
   0
   0
   0
   0
   0
   0
   0
   0
   0
   0
   0
   0
   0
   0
   0
   0
   0
   0
   0
   0
   0
   0
   0
   0
   0
   0
   0
   0
   0
   0
   0
   0
   0
   0
   0
   0
   0
   0
   0
   0
   0
   0
   0
   0
   0
   0
   0
   0
   0
   0
   0
   0
   0
   0
   0
   0
   0
   0
   0
   0
   0
   0
   0
   0
   0
   0
   0
   0
   0
   0
   0
   0
   0
   0
   0
   0
   0
   0
   0
   0
   0
   0
   0
   0
   0
   0
   0
   0
   0
   0
   0
   0
   0
   0
   0
   0
   0
   0
   0
   0
   0
   0
   0
   0
   0
   0
   0
   0
   0
   0
   0
   0
   0
   0
   0
   0
   0
   0
   0
   0
   0
   0
   0
   0
   0
   0
   0
   0
   0
   0
   0
   0
   0
   0
   0
   0
   0
   0
   0
   0
   0
   0
   0
   0
   0
   0
   0
   0
   0
   0
   0
   0
   0
   0
   0
   0
   0
   0
   0
   0
   0
   0
   0
   0
   0
   0
   0
   0
   0
   0
   0
   0
   0
   0
   0
   0
   0
   0
   0
   0
   0
   0
   0
   0
   0
   0
   0
   0
   0
   0
   0
   0
   0
   0
   0
   0
   0
   0
   0
   0
   0
   0
   0
   0
   0
   0
   0
   0
   0
   0
   0
   0
   0
   0
   0
   0
   0
   0
   0
   0
   0
   0
   0
   0
   0
   0
   0
   0
   0
   0
   0
   0
   0
   0
   0
   0
   0
   0
   0
   0
   0
   0
   0
   0
   0
   0
   0
   0
   0
   0
   0
   0
   0
   0
   0
   0
   0
   0
   0
   0
   0
   0
   0
   0
   0
   0
   0
   0
   0
   0
   0
   0
   0
   0
   0
   0
   0
   0
   0
   0
   0
   0
   0
   0
   0
   0
   0
   0
   0
   0
   0
   0
   0
   0
   0
   0
   0
   0
   0
   0
   0
   0
   0
   0
   0
   0
   0
   0
   0
   0
   0
   0
   0
   0
   0
   0
   0
   0
   0
   0
   0
   0
   0
   0
   0
   0
   0
   0
   0
   0
   0
   0
   0
   0
   0
   0
   0
   0
   0
   0
   0
   0
   0
   0
   0
   0
   0
   0
   0
   0
   0
   0
   0
   0
   0
   0
   0
   0
   0
   0
   0
   0
   0
   0
   0
   0
   0
   0
   0
   0
   0
   0
   0
   0
   0
   0
   0
   0
   0
   0
   0
   0
   0
   0
   0
   0
   0
   0
   0
   0
   0
   0
   0
   0
   0
   0
   0
   0
   0
   0
   0
   0
   0
   0
   0
   0
   0
   0
   0
   0
   0
   0
   0
   0
   0
   0
   0
   0
   0
   0
   0
   0
   0
   0
   0
   0
   0
   0
   0
   0
   0
   0
   0
   0
   0
   0
   0
   0
   0
   0
   0
   0
   0
   0
   0
   0
   0
   0
   0
   0
   0
   0
   0
   0
   0
   0
   0
   0
   0
   0
   0
   0
   0
   0
   0
   0
   0
   0
   0
   0
   0
   0
   0
   0
   0
   0
   0
   0
   0
   0
   0
   0
   0
   0
   0
   0
   0
   0
   0
   0
   0
   0
   0
   0
   0
   0
   0
   0
   0
   0
   0
   0
   0
   0
   0
   0
   0
   0
   0
   0
   0
   0
   0
   0
   0
   0
   0
   0
   0
   0
   0
   0
   0
   0
   0
   0
   0
   0
   0
   0
   0
   0
   0
   0
   0
   0
   0
   0
   0
   0
   0
   0
   0
   0
   0
   0
   0
   0
   0
   0
   0
   0
   0
   0
   0
   0
   0
   0
   0
   0
   0
   0
   0
   0
   0
   0
   0
   0
   0
   0
   0
   0
   0
   0
   0
   0
   0
   0
   0
   0
   0
   0
   0
   0
   0
   0
   0
-0.0028331314644039117208
   0
   0
   0
   0
   0
1.6701382624144354136e-05
   0
   0
   0
   0
   0
6.6131430840119356703e-09
   0
   0
   0
   0
   0
2.8840634189690666306e-12
   0
   0
   0
   0
   0
1.3166282516618546932e-15
   0
   0
   0
   0
   0
6.1736605899101382311e-19
   0
   0
   0
   0
   0
2.9461747011216757965e-22
   0
   0
   0
   0
   0
1.4235659576884055770e-25
   0
   0
   0
   0
   0
6.9426065042694059392e-29
   0
   0
   0
   0
   0
3.4102284435395711337e-32
   0
   0
   0
   0
   0
1.6847202932096220201e-35
   0
   0
   0
   0
   0
8.3617652218720105306e-39
   0
   0
   0
   0
   0
4.1663162274945061593e-42
   0
   0
   0
   0
   0
2.0827091969049386495e-45
   0
   0
   0
   0
   0
1.0440515847812520388e-48
   0
   0
   0
   0
   0
5.2464847764217756127e-52
   0
   0
   0
   0
   0
2.6420146575275825191e-55
   0
   0
   0
   0
   0
1.3329480195380318307e-58
   0
   0
   0
   0
   0
6.7361471771744875037e-62
   0
   0
   0
   0
   0
3.4092112147072135461e-65
   0
   0
   0
   0
   0
1.7277281053630042727e-68
   0
   0
   0
   0
   0
-0.0023301184987678989762
-0.010949681834915337098
   0
   0
   0
   0
1.0147725538766734754e-05
0.00024774368112258331669
   0
   0
   0
   0
2.1568866183578130857e-09
1.7864364527706509814e-06
   0
   0
   0
   0
5.0492719438740989025e-13
1.4185995799483235734e-08
   0
   0
   0
   0
1.2373490179936075751e-16
1.1791623434390893993e-10
   0
   0
   0
   0
3.1144197572578380716e-20
1.0066976208495763883e-12
   0
   0
   0
   0
7.9780799112625284119e-24
8.7469237759082925923e-15
   0
   0
   0
   0
2.0692980904399498549e-27
7.6950551974073845637e-17
   0
   0
   0
   0
5.4171847575108498130e-31
6.8326921977794975016e-19
   0
   0
   0
   0
1.4283684302901395315e-34
6.1106366153188704461e-21
   0
   0
   0
   0
3.7878282585857605782e-38
5.4962110974635437511e-23
   0
   0
   0
   0
1.0091742609761714893e-41
4.9666708960108164917e-25
   0
   0
   0
   0
2.6991446881443766796e-45
4.5055815284735530558e-27
   0
   0
   0
   0
7.2428305108105035511e-49
4.1006999224401463600e-29
   0
   0
   0
   0
1.9489801093877369328e-52
3.7426711206655447397e-31
   0
   0
   0
   0
5.2572621999384843245e-56
3.4241925133128220428e-33
   0
   0
   0
   0
1.4211248067100697132e-59
3.1394587018630139133e-35
   0
   0
   0
   0
3.8487171430150862011e-63
2.8837815018980752811e-37
   0
   0
   0
   0
1.0440472061232920244e-66
2.6533229642890586559e-39
   0
   0
   0
   0
2.8364051680795989388e-70
2.4449034766445647233e-41
   0
   0
   0
   0
7.7160592280430614823e-74
2.2558610284820959407e-43
   0
   0
   0
   0
-0.0023791799444553061365
   0
-0.03447205028557106454
   0
   0
   0
5.6143737398897298465e-06
   0
0.0015429995993665617559
   0
   0
   0
3.4311011947272097804e-10
   0
7.0396666673381213392e-05
   0
   0
   0
2.3094564264346479211e-14
   0
3.5343512748080346532e-06
   0
   0
   0
1.6272282289381821353e-18
   0
1.8569138351384199256e-07
   0
   0
   0
1.1776299680899958871e-22
   0
1.0019112168500830553e-08
   0
   0
   0
8.6737250997403206767e-27
   0
5.5013118678905489836e-10
   0
   0
   0
6.4685355450034611285e-31
   0
3.0583286699447895358e-11
   0
   0
   0
4.8689156099151370916e-35
   0
1.7159834963337844460e-12
   0
   0
   0
3.6912593700003527387e-39
   0
9.6972315495497741329e-14
   0
   0
   0
2.8144941018389712982e-43
   0
5.5113556550167421791e-15
   0
   0
   0
2.1560160503258374529e-47
   0
3.1469469483156544224e-16
   0
   0
   0
1.6580123627743975210e-51
   0
1.8038494320524596589e-17
   0
   0
   0
1.2792213712857748356e-55
   0
1.0373611733505245002e-18
   0
   0
   0
9.8973877326019455137e-60
   0
5.9823797911408196098e-20
   0
   0
   0
7.6762412431163794106e-64
   0
3.4583502870837089014e-21
   0
   0
   0
5.9661889523144876093e-68
   0
2.0034687584631100475e-22
   0
   0
   0
4.6457580463935582778e-72
   0
1.1628023488087269648e-23
   0
   0
   0
3.6235690634886448902e-76
   0
6.7600260071587586178e-25
   0
   0
   0
2.8304826237765271040e-80
   0
3.9358069086743413776e-26
   0
   0
   0
2.2139285355847581383e-84
   0
2.2945496652684207852e-27
   0
   0
   0
-0.0014960164132532329155
   0
   0
-0.07149058684697997519
   0
   0
9.9707317166267773320e-07
   0
   0
0.0036740403773152495106
   0
   0
4.7772681790476603871e-12
   0
   0
0.00073811839513936539255
   0
   0
2.5210223475167248387e-17
   0
   0
0.00016262132844764299375
   0
   0
1.3926320461917776805e-22
   0
   0
3.7444066338536625356e-05
   0
   0
7.9016508252263720081e-28
   0
   0
8.8484178682232060956e-06
   0
   0
4.5628453879750956286e-33
   0
   0
2.1271147982797905400e-06
   0
   0
2.6678242064438516107e-38
   0
   0
5.1760674322469162570e-07
   0
   0
1.5743621684477457143e-43
   0
   0
1.2710293870517481557e-07
   0
   0
9.3576787270027840274e-49
   0
   0
3.1432005331977061636e-08
   0
   0
5.5939050465784302521e-54
   0
   0
7.8168552288390732647e-09
   0
   0
3.3596027067188144082e-59
   0
   0
1.9529360578175306405e-09
   0
   0
2.0255589542361042726e-64
   0
   0
4.8978465596842783218e-10
   0
   0
1.2252480618482224727e-69
   0
   0
1.2323285622607449823e-10
   0
   0
7.4322464049781393680e-75
   0
   0
3.1092126939775095491e-11
   0
   0
4.5192808406200751476e-80
   0
   0
7.8634993490600528930e-12
   0
   0
2.7538413780589471266e-85
   0
   0
1.9929300542601696777e-12
   0
   0
1.6812012691764325088e-90
   0
   0
5.0602442456274416783e-13
   0
   0
1.0280657003150952064e-95
   0
   0
1.2869585689955084857e-13
   0
   0
6.2960189472066118486e-101
   0
   0
3.2779018829684787002e-14
   0
   0
3.8609158730797523199e-106
   0
   0
8.3599101400115580965e-15
   0
   0
   0
   0
   0
   0
   0
   0
   0
   0
   0
   0
   0
   0
   0
   0
   0
   0
   0
   0
   0
   0
   0
   0
   0
   0
   0
   0
   0
   0
   0
   0
   0
   0
   0
   0
   0
   0
   0
   0
   0
   0
   0
   0
   0
   0
   0
   0
   0
   0
   0
   0
   0
   0
   0
   0
   0
   0
   0
   0
   0
   0
   0
   0
   0
   0
   0
   0
   0
   0
   0
   0
   0
   0
   0
   0
   0
   0
   0
   0
   0
   0
   0
   0
   0
   0
   0
   0
   0
   0
   0
   0
   0
   0
   0
   0
   0
   0
   0
   0
   0
   0
   0
   0
   0
   0
   0
   0
   0
   0
   0
   0
   0
   0
   0
   0
   0
   0
   0
   0
   0
   0
   0
   0
   0
   0
   0
   0
   0
   0
   0
   0
   0
   0
   0
   0
   0
   0
   0
   0
   0
   0
   0
   0
   0
   0
   0
   0
   0
   0
   0
   0
   0
   0
   0
   0
   0
   0
   0
   0
   0
   0
   0
   0
   0
   0
   0
   0
   0
   0
   0
   0
   0
   0
   0
   0
   0
   0
   0
   0
   0
   0
   0
   0
   0
   0
   0
   0
   0
   0
   0
   0
   0
   0
   0
   0
   0
   0
   0
   0
   0
   0
   0
   0
   0
   0
   0
   0
   0
   0
   0
   0
   0
   0
   0
   0
   0
   0
   0
   0
   0
   0
   0
   0
   0
   0
   0
   0
   0
   0
   0
   0
   0
   0
   0
   0
   0
   0
   0
   0
   0
   0
   0
   0
   0
   0
   0
   0
   0
   0
   0
   0
   0
   0
-0.0023301184987678989762
-0.010949681834915337098
   0
   0
   0
   0
1.0147725538766734754e-05
0.00024774368112258331669
   0
   0
   0
   0
2.1568866183578130857e-09
1.7864364527706509814e-06
   0
   0
   0
   0
5.0492719438740989025e-13
1.4185995799483235734e-08
   0
   0
   0
   0
1.2373490179936075751e-16
1.1791623434390893993e-10
   0
   0
   0
   0
3.1144197572578380716e-20
1.0066976208495763883e-12
   0
   0
   0
   0
7.9780799112625284119e-24
8.7469237759082925923e-15
   0
   0
   0
   0
2.0692980904399498549e-27
7.6950551974073845637e-17
   0
   0
   0
   0
5.4171847575108498130e-31
6.8326921977794975016e-19
   0
   0
   0
   0
1.4283684302901395315e-34
6.1106366153188704461e-21
   0
   0
   0
   0
3.7878282585857605782e-38
5.4962110974635437511e-23
   0
   0
   0
   0
1.0091742609761714893e-41
4.9666708960108164917e-25
   0
   0
   0
   0
2.6991446881443766796e-45
4.5055815284735530558e-27
   0
   0
   0
   0
7.2428305108105035511e-49
4.1006999224401463600e-29
   0
   0
   0
   0
1.9489801093877369328e-52
3.7426711206655447397e-31
   0
   0
   0
   0
5.2572621999384843245e-56
3.4241925133128220428e-33
   0
   0
   0
   0
1.4211248067100697132e-59
3.1394587018630139133e-35
   0
   0
   0
   0
3.8487171430150862011e-63
2.8837815018980752811e-37
   0
   0
   0
   0
1.0440472061232920244e-66
2.6533229642890586559e-39
   0
   0
   0
   0
2.8364051680795989388e-70
2.4449034766445647233e-41
   0
   0
   0
   0
7.7160592280430614823e-74
2.2558610284820959407e-43
   0
   0
   0
   0
   0
-0.037847534220749961625
   0
   0
   0
   0
   0
0.00067445072171479709098
   0
   0
   0
   0
   0
2.8184501121602705959e-06
   0
   0
   0
   0
   0
1.2971252054987801084e-08
   0
   0
   0
   0
   0
6.2489042926817486089e-11
   0
   0
   0
   0
   0
3.0920163217408267422e-13
   0
   0
   0
   0
   0
1.5570871175134808296e-15
   0
   0
   0
   0
   0
7.9393618586571203992e-18
   0
   0
   0
   0
   0
4.0858550629479884028e-20
   0
   0
   0
   0
   0
2.1178512934061751637e-22
   0
   0
   0
   0
   0
1.1040552077544872601e-24
   0
   0
   0
   0
   0
5.7824449416656929537e-27
   0
   0
   0
   0
   0
3.0402968109770007013e-29
   0
   0
   0
   0
   0
1.6037709491695331251e-31
   0
   0
   0
   0
   0
8.4837020733380079139e-34
   0
   0
   0
   0
   0
4.4986421024108073043e-36
   0
   0
   0
   0
   0
2.3905491895715684733e-38
   0
   0
   0
   0
   0
1.2726969258710412315e-40
   0
   0
   0
   0
   0
6.7869175175454881773e-43
   0
   0
   0
   0
   0
3.6246330996606902248e-45
   0
   0
   0
   0
   0
1.9383607676096206527e-47
   0
   0
   0
   0
   0
-0.020694726986599967452
-0.064557029584309198903
   0
   0
   0
   0
0.00021818024137415558146
0.0025443843399062084173
   0
   0
   0
   0
2.9124428971144625390e-07
7.6790530608921278162e-05
   0
   0
   0
   0
4.2818691327524056973e-10
2.5511338432351944755e-06
   0
   0
   0
   0
6.5897373014406550916e-13
8.8701565693987909771e-08
   0
   0
   0
   0
1.0416521667392507542e-15
3.1674362134594936451e-09
   0
   0
   0
   0
1.6757637086738158683e-18
1.1510571738456782506e-10
   0
   0
   0
   0
2.7296423419333713118e-21
4.2352075510971756201e-12
   0
   0
   0
   0
4.4877047605976720387e-24
1.5727828970661231766e-13
   0
   0
   0
   0
7.4311935150148063340e-27
5.8826388123723138408e-15
   0
   0
   0
   0
1.2375881184372521402e-29
2.2128614087529416167e-16
   0
   0
   0
   0
2.0707106170092806816e-32
8.3629308515281335409e-18
   0
   0
   0
   0
3.4781371610952878072e-35
3.1728107330182659633e-19
   0
   0
   0
   0
5.8613287055496506895e-38
1.2076743306475841917e-20
   0
   0
   0
   0
9.9051787241954813217e-41
4.6096793985693660040e-22
   0
   0
   0
   0
1.6779601820088249268e-43
1.7637757536852273973e-23
   0
   0
   0
   0
2.8485332723281498560e-46
6.7629352524943955191e-25
   0
   0
   0
   0
4.8447581183418695357e-49
2.5979891705232570405e-26
   0
   0
   0
   0
8.2535966315958139440e-52
9.9967542563874746642e-28
   0
   0
   0
   0
1.4081805721076337441e-54
3.8523347078119079028e-29
   0
   0
   0
   0
2.4057615947241786137e-57
1.4865091486179556381e-30
   0
   0
   0
   0
-0.013859666278786488805
   0
-0.1479582599158273818
   0
   0
   0
4.4693047586217863200e-05
   0
0.0078731760594274447917
   0
   0
   0
5.1464445985786767411e-09
   0
0.001260726379455403979
   0
   0
   0
6.5270696243938831060e-13
   0
0.00022161308613622954562
   0
   0
   0
8.6654572294053351701e-17
   0
4.0727825746940691480e-05
   0
   0
   0
1.1816431117963625879e-20
   0
7.6832776066035017916e-06
   0
   0
   0
1.6399007180767091710e-24
   0
1.4746577269070112588e-06
   0
   0
   0
2.3043703005468344020e-28
   0
2.8651589154458917765e-07
   0
   0
   0
3.2682323819881364398e-32
   0
5.6178768925014292064e-08
   0
   0
   0
4.6686316874881546856e-36
   0
1.1093538111250854094e-08
   0
   0
   0
6.7073312493148506970e-40
   0
2.2030342743714195176e-09
   0
   0
   0
9.6813463351416271834e-44
   0
4.3951709765739535878e-10
   0
   0
   0
1.4028327028113522139e-47
   0
8.8023201191906339971e-11
   0
   0
   0
2.0393800651831101403e-51
   0
1.7685900777925303246e-11
   0
   0
   0
2.9730854465678317531e-55
   0
3.5633899496358616494e-12
   0
   0
   0
4.3447997295455661450e-59
   0
7.1968742994686041608e-13
   0
   0
   0
6.3628617970614399159e-63
   0
1.4565910811463283730e-13
   0
   0
   0
9.3356897794733117279e-67
   0
2.9534973401746098322e-14
   0
   0
   0
1.3720208248838799043e-70
   0
5.9986131921136481787e-15
   0
   0
   0
2.0193843582320897523e-74
   0
1.2201264802519573098e-15
   0
   0
   0
2.9761610362384543093e-78
   0
2.4850454849715079263e-16
   0
   0
   0
   0
   0
   0
   0
   0
   0
   0
   0
   0
   0
   0
   0
   0
   0
   0
   0
   0
   0
   0
   0
   0
   0
   0
   0
   0
   0
   0
   0
   0
   0
   0
   0
   0
   0
   0
   0
   0
   0
   0
   0
   0
   0
   0
   0
   0
   0
   0
   0
   0
   0
   0
   0
   0
   0
   0
   0
   0
   0
   0
   0
   0
   0
   0
   0
   0
   0
   0
   0
   0
   0
   0
   0
   0
   0
   0
   0
   0
   0
   0
   0
   0
   0
   0
   0
   0
   0
   0
   0
   0
   0
   0
   0
   0
   0
   0
   0
   0
   0
   0
   0
   0
   0
   0
   0
   0
   0
   0
   0
   0
   0
   0
   0
   0
   0
   0
   0
   0
   0
   0
   0
   0
   0
   0
   0
   0
   0
   0
   0
   0
   0
   0
   0
   0
   0
   0
   0
   0
   0
   0
   0
   0
   0
   0
   0
   0
   0
   0
   0
   0
   0
   0
   0
   0
   0
   0
   0
   0
   0
   0
   0
   0
   0
   0
   0
   0
   0
   0
   0
   0
   0
   0
   0
   0
   0
   0
   0
   0
   0
   0
   0
   0
   0
   0
   0
   0
   0
   0
   0
   0
   0
   0
   0
   0
   0
   0
   0
   0
   0
   0
   0
   0
   0
   0
   0
   0
   0
   0
   0
   0
   0
   0
   0
   0
   0
   0
   0
   0
   0
   0
   0
   0
   0
   0
   0
   0
   0
   0
   0
   0
   0
   0
   0
   0
   0
   0
   0
   0
   0
   0
   0
   0
   0
   0
   0
   0
   0
   0
   0
   0
   0
   0
-0.0023791799444553061365
   0
-0.03447205028557106454
   0
   0
   0
5.6143737398897298465e-06
   0
0.0015429995993665617559
   0
   0
   0
3.4311011947272097804e-10
   0
7.0396666673381213392e-05
   0
   0
   0
2.3094564264346479211e-14
   0
3.5343512748080346532e-06
   0
   0
   0
1.6272282289381821353e-18
   0
1.8569138351384199256e-07
   0
   0
   0
1.1776299680899958871e-22
   0
1.0019112168500830553e-08
   0
   0
   0
8.6737250997403206767e-27
   0
5.5013118678905489836e-10
   0
   0
   0
6.4685355450034611285e-31
   0
3.0583286699447895358e-11
   0
   0
   0
4.8689156099151370916e-35
   0
1.7159834963337844460e-12
   0
   0
   0
3.6912593700003527387e-39
   0
9.6972315495497741329e-14
   0
   0
   0
2.8144941018389712982e-43
   0
5.5113556550167421791e-15
   0
   0
   0
2.1560160503258374529e-47
   0
3.1469469483156544224e-16
   0
   0
   0
1.6580123627743975210e-51
   0
1.8038494320524596589e-17
   0
   0
   0
1.2792213712857748356e-55
   0
1.0373611733505245002e-18
   0
   0
   0
9.8973877326019455137e-60
   0
5.9823797911408196098e-20
   0
   0
   0
7.6762412431163794106e-64
   0
3.4583502870837089014e-21
   0
   0
   0
5.9661889523144876093e-68
   0
2.0034687584631100475e-22
   0
   0
   0
4.6457580463935582778e-72
   0
1.1628023488087269648e-23
   0
   0
   0
3.6235690634886448902e-76
   0
6.7600260071587586178e-25
   0
   0
   0
2.8304826237765271040e-80
   0
3.9358069086743413776e-26
   0
   0
   0
2.2139285355847581383e-84
   0
2.2945496652684207852e-27
   0
   0
   0
   0
-0.020694726986599967452
-0.064557029584309198903
   0
   0
   0
   0
0.00021818024137415558146
0.0025443843399062084173
   0
   0
   0
   0
2.9124428971144625390e-07
7.6790530608921278162e-05
   0
   0
   0
   0
4.2818691327524056973e-10
2.5511338432351944755e-06
   0
   0
   0
   0
6.5897373014406550916e-13
8.8701565693987909771e-08
   0
   0
   0
   0
1.0416521667392507542e-15
3.1674362134594936451e-09
   0
   0
   0
   0
1.6757637086738158683e-18
1.1510571738456782506e-10
   0
   0
   0
   0
2.7296423419333713118e-21
4.2352075510971756201e-12
   0
   0
   0
   0
4.4877047605976720387e-24
1.5727828970661231766e-13
   0
   0
   0
   0
7.4311935150148063340e-27
5.8826388123723138408e-15
   0
   0
   0
   0
1.2375881184372521402e-29
2.2128614087529416167e-16
   0
   0
   0
   0
2.0707106170092806816e-32
8.3629308515281335409e-18
   0
   0
   0
   0
3.4781371610952878072e-35
3.1728107330182659633e-19
   0
   0
   0
   0
5.8613287055496506895e-38
1.2076743306475841917e-20
   0
   0
   0
   0
9.9051787241954813217e-41
4.6096793985693660040e-22
   0
   0
   0
   0
1.6779601820088249268e-43
1.7637757536852273973e-23
   0
   0
   0
   0
2.8485332723281498560e-46
6.7629352524943955191e-25
   0
   0
   0
   0
4.8447581183418695357e-49
2.5979891705232570405e-26
   0
   0
   0
   0
8.2535966315958139440e-52
9.9967542563874746642e-28
   0
   0
   0
   0
1.4081805721076337441e-54
3.8523347078119079028e-29
   0
   0
   0
   0
2.4057615947241786137e-57
1.4865091486179556381e-30
   0
   0
   0
   0
   0
-0.16141768338139205799
   0
   0
   0
   0
   0
0.0045074596726490219179
   0
   0
   0
   0
   0
5.3867458727852549116e-05
   0
   0
   0
   0
   0
7.0887623480261318958e-07
   0
   0
   0
   0
   0
9.7643164117333282072e-09
   0
   0
   0
   0
   0
1.3813960904613143366e-10
   0
   0
   0
   0
   0
1.9889401994737252976e-12
   0
   0
   0
   0
   0
2.8994994855142314364e-14
   0
   0
   0
   0
   0
4.2662525460625755373e-16
   0
   0
   0
   0
   0
6.3224226619680219743e-18
   0
   0
   0
   0
   0
9.4232797435250713836e-20
   0
   0
   0
   0
   0
1.4110588086077891396e-21
   0
   0
   0
   0
   0
2.1211491443079053843e-23
   0
   0
   0
   0
   0
3.1990323444285339459e-25
   0
   0
   0
   0
   0
4.8381834081794220653e-27
   0
   0
   0
   0
   0
7.3349750255001787286e-29
   0
   0
   0
   0
   0
1.1143839986065848916e-30
   0
   0
   0
   0
   0
1.6962190015926101130e-32
   0
   0
   0
   0
   0
2.5861222066721890619e-34
   0
   0
   0
   0
   0
3.9487523383584546047e-36
   0
   0
   0
   0
   0
6.0373962395582835857e-38
   0
   0
   0
   0
   0
-0.063232042818592887
-0.22874984220652877619
   0
   0
   0
   0
0.00066198116933840756611
0.011925958028519585155
   0
   0
   0
   0
8.7059639532573313701e-07
0.0011035439633478011741
   0
   0
   0
   0
1.2610207101870840733e-09
0.00011226502108810072626
   0
   0
   0
   0
1.9119933294253459548e-12
1.1947283162323655429e-05
   0
   0
   0
   0
2.9776281494002441254e-15
1.3054931817854707743e-06
   0
   0
   0
   0
4.7194349570211098500e-18
1.4515693813928978193e-07
   0
   0
   0
   0
7.5737761351467987760e-21
1.6340152038565758711e-08
   0
   0
   0
   0
1.2267625096934617233e-23
1.8563866989702679894e-09
   0
   0
   0
   0
2.0013557472299975468e-26
2.1240987457172194282e-10
   0
   0
   0
   0
3.2837596362447201450e-29
2.4442658084452727104e-11
   0
   0
   0
   0
5.4130762998042779317e-32
2.8257654015830763175e-12
   0
   0
   0
   0
8.9577915938215405751e-35
3.2794330591482172816e-13
   0
   0
   0
   0
1.4872358300058086061e-37
3.8183563508590065170e-14
   0
   0
   0
   0
2.4761422592513917417e-40
4.4582598713379381251e-15
   0
   0
   0
   0
4.1326101819287047842e-43
5.2179851408579797270e-16
   0
   0
   0
   0
6.9118388259168616851e-46
6.1200766367523943106e-17
   0
   0
   0
   0
1.1581742926300238721e-48
7.1914907136268800030e-18
   0
   0
   0
   0
1.9439029483358357070e-51
8.4644492859771451449e-19
   0
   0
   0
   0
3.2675271385063898667e-54
9.9774655109835718478e-20
   0
   0
   0
   0
5.4997501444124428388e-57
1.1776574737058486750e-20
   0
   0
   0
   0
   0
   0
   0
   0
   0
   0
   0
   0
   0
   0
   0
   0
   0
   0
   0
   0
   0
   0
   0
   0
   0
   0
   0
   0
   0
   0
   0
   0
   0
   0
   0
   0
   0
   0
   0
   0
   0
   0
   0
   0
   0
   0
   0
   0
   0
   0
   0
   0
   0
   0
   0
   0
   0
   0
   0
   0
   0
   0
   0
   0
   0
   0
   0
   0
   0
   0
   0
   0
   0
   0
   0
   0
   0
   0
   0
   0
   0
   0
   0
   0
   0
   0
   0
   0
   0
   0
   0
   0
   0
   0
   0
   0
   0
   0
   0
   0
   0
   0
   0
   0
   0
   0
   0
   0
   0
   0
   0
   0
   0
   0
   0
   0
   0
   0
   0
   0
   0
   0
   0
   0
   0
   0
   0
   0
   0
   0
   0
   0
   0
   0
   0
   0
   0
   0
   0
   0
   0
   0
   0
   0
   0
   0
   0
   0
   0
   0
   0
   0
   0
   0
   0
   0
   0
   0
   0
   0
   0
   0
   0
   0
   0
   0
   0
   0
   0
   0
   0
   0
   0
   0
   0
   0
   0
   0
   0
   0
   0
   0
   0
   0
   0
   0
   0
   0
   0
   0
   0
   0
   0
   0
   0
   0
   0
   0
   0
   0
   0
   0
   0
   0
   0
   0
   0
   0
   0
   0
   0
   0
   0
   0
   0
   0
   0
   0
   0
   0
   0
   0
   0
   0
   0
   0
   0
   0
   0
   0
   0
   0
   0
   0
   0
   0
   0
   0
   0
   0
   0
   0
   0
   0
   0
   0
   0
   0
   0
   0
   0
   0
   0
   0
-0.0014960164132532329155
   0
   0
-0.07149058684697997519
   0
   0
9.9707317166267773320e-07
   0
   0
0.0036740403773152495106
   0
   0
4.7772681790476603871e-12
   0
   0
0.00073811839513936539255
   0
   0
2.5210223475167248387e-17
   0
   0
0.00016262132844764299375
   0
   0
1.3926320461917776805e-22
   0
   0
3.7444066338536625356e-05
   0
   0
7.9016508252263720081e-28
   0
   0
8.8484178682232060956e-06
   0
   0
4.5628453879750956286e-33
   0
   0
2.1271147982797905400e-06
   0
   0
2.6678242064438516107e-38
   0
   0
5.1760674322469162570e-07
   0
   0
1.5743621684477457143e-43
   0
   0
1.2710293870517481557e-07
   0
   0
9.3576787270027840274e-49
   0
   0
3.1432005331977061636e-08
   0
   0
5.5939050465784302521e-54
   0
   0
7.8168552288390732647e-09
   0
   0
3.3596027067188144082e-59
   0
   0
1.9529360578175306405e-09
   0
   0
2.0255589542361042726e-64
   0
   0
4.8978465596842783218e-10
   0
   0
1.2252480618482224727e-69
   0
   0
1.2323285622607449823e-10
   0
   0
7.4322464049781393680e-75
   0
   0
3.1092126939775095491e-11
   0
   0
4.5192808406200751476e-80
   0
   0
7.8634993490600528930e-12
   0
   0
2.7538413780589471266e-85
   0
   0
1.9929300542601696777e-12
   0
   0
1.6812012691764325088e-90
   0
   0
5.0602442456274416783e-13
   0
   0
1.0280657003150952064e-95
   0
   0
1.2869585689955084857e-13
   0
   0
6.2960189472066118486e-101
   0
   0
3.2779018829684787002e-14
   0
   0
3.8609158730797523199e-106
   0
   0
8.3599101400115580965e-15
   0
   0
   0
-0.013859666278786488805
   0
-0.1479582599158273818
   0
   0
   0
4.4693047586217863200e-05
   0
0.0078731760594274447917
   0
   0
   0
5.1464445985786767411e-09
   0
0.001260726379455403979
   0
   0
   0
6.5270696243938831060e-13
   0
0.00022161308613622954562
   0
   0
   0
8.6654572294053351701e-17
   0
4.0727825746940691480e-05
   0
   0
   0
1.1816431117963625879e-20
   0
7.6832776066035017916e-06
   0
   0
   0
1.6399007180767091710e-24
   0
1.4746577269070112588e-06
   0
   0
   0
2.3043703005468344020e-28
   0
2.8651589154458917765e-07
   0
   0
   0
3.2682323819881364398e-32
   0
5.6178768925014292064e-08
   0
   0
   0
4.6686316874881546856e-36
   0
1.1093538111250854094e-08
   0
   0
   0
6.7073312493148506970e-40
   0
2.2030342743714195176e-09
   0
   0
   0
9.6813463351416271834e-44
   0
4.3951709765739535878e-10
   0
   0
   0
1.4028327028113522139e-47
   0
8.8023201191906339971e-11
   0
   0
   0
2.0393800651831101403e-51
   0
1.7685900777925303246e-11
   0
   0
   0
2.9730854465678317531e-55
   0
3.5633899496358616494e-12
   0
   0
   0
4.3447997295455661450e-59
   0
7.1968742994686041608e-13
   0
   0
   0
6.3628617970614399159e-63
   0
1.4565910811463283730e-13
   0
   0
   0
9.3356897794733117279e-67
   0
2.9534973401746098322e-14
   0
   0
   0
1.3720208248838799043e-70
   0
5.9986131921136481787e-15
   0
   0
   0
2.0193843582320897523e-74
   0
1.2201264802519573098e-15
   0
   0
   0
2.9761610362384543093e-78
   0
2.4850454849715079263e-16
   0
   0
   0
   0
-0.063232042818592887
-0.22874984220652877619
   0
   0
   0
   0
0.00066198116933840756611
0.011925958028519585155
   0
   0
   0
   0
8.7059639532573313701e-07
0.0011035439633478011741
   0
   0
   0
   0
1.2610207101870840733e-09
0.00011226502108810072626
   0
   0
   0
   0
1.9119933294253459548e-12
1.1947283162323655429e-05
   0
   0
   0
   0
2.9776281494002441254e-15
1.3054931817854707743e-06
   0
   0
   0
   0
4.7194349570211098500e-18
1.4515693813928978193e-07
   0
   0
   0
   0
7.5737761351467987760e-21
1.6340152038565758711e-08
   0
   0
   0
   0
1.2267625096934617233e-23
1.8563866989702679894e-09
   0
   0
   0
   0
2.0013557472299975468e-26
2.1240987457172194282e-10
   0
   0
   0
   0
3.2837596362447201450e-29
2.4442658084452727104e-11
   0
   0
   0
   0
5.4130762998042779317e-32
2.8257654015830763175e-12
   0
   0
   0
   0
8.9577915938215405751e-35
3.2794330591482172816e-13
   0
   0
   0
   0
1.4872358300058086061e-37
3.8183563508590065170e-14
   0
   0
   0
   0
2.4761422592513917417e-40
4.4582598713379381251e-15
   0
   0
   0
   0
4.1326101819287047842e-43
5.2179851408579797270e-16
   0
   0
   0
   0
6.9118388259168616851e-46
6.1200766367523943106e-17
   0
   0
   0
   0
1.1581742926300238721e-48
7.1914907136268800030e-18
   0
   0
   0
   0
1.9439029483358357070e-51
8.4644492859771451449e-19
   0
   0
   0
   0
3.2675271385063898667e-54
9.9774655109835718478e-20
   0
   0
   0
   0
5.4997501444124428388e-57
1.1776574737058486750e-20
   0
   0
   0
   0
   0
-0.52923171078163436666
   0
   0
   0
   0
   0
0.017856267034466160254
   0
   0
   0
   0
   0
0.00034711452915591331601
   0
   0
   0
   0
   0
7.4292271528144565492e-06
   0
   0
   0
   0
   0
1.6642539195322613906e-07
   0
   0
   0
   0
   0
3.8290387088772771699e-09
   0
   0
   0
   0
   0
8.9656354723520950042e-11
   0
   0
   0
   0
   0
2.1255265790728995205e-12
   0
   0
   0
   0
   0
5.0859467211758540390e-14
   0
   0
   0
   0
   0
1.2257131437115103116e-15
   0
   0
   0
   0
   0
2.9708879246391430227e-17
   0
   0
   0
   0
   0
7.2344791314530025660e-19
   0
   0
   0
   0
   0
1.7685227175208620576e-20
   0
   0
   0
   0
   0
4.3374533170994870473e-22
   0
   0
   0
   0
   0
1.0667799094158158932e-23
   0
   0
   0
   0
   0
2.6300688100319798662e-25
   0
   0
   0
   0
   0
6.4979898063059080324e-27
   0
   0
   0
   0
   0
1.6084276581444665904e-28
   0
   0
   0
   0
   0
3.9878967322256443380e-30
   0
   0
   0
   0
   0
9.9021577147552320746e-32
   0
   0
   0
   0
   0
2.4620369237036499101e-33
   0
   0
   0
   0
   0
   0
   0
   0
   0
   0
   0
   0
   0
   0
   0
   0
   0
   0
   0
   0
   0
   0
   0
   0
   0
   0
   0
   0
   0
   0
   0
   0
   0
   0
   0
   0
   0
   0
   0
   0
   0
   0
   0
   0
   0
   0
   0
   0
   0
   0
   0
   0
   0
   0
   0
   0
   0
   0
   0
   0
   0
   0
   0
   0
   0
   0
   0
   0
   0
   0
   0
   0
   0
   0
   0
   0
   0
   0
   0
   0
   0
   0
   0
   0
   0
   0
   0
   0
   0
   0
   0
   0
   0
   0
   0
   0
   0
   0
   0
   0
   0
   0
   0
   0
   0
   0
   0
   0
   0
   0
   0
   0
   0
   0
   0
   0
   0
   0
   0
   0
   0
   0
   0
   0
   0
   0
   0
   0
   0
   0
   0
   0
   0
   0
   0
   0
   0
   0
   0
   0
   0
   0
   0
   0
   0
   0
   0
   0
   0
   0
   0
   0
   0
   0
   0
   0
   0
   0
   0
   0
   0
   0
   0
   0
   0
   0
   0
   0
   0
   0
   0
   0
   0
   0
   0
   0
   0
   0
   0
   0
   0
   0
   0
   0
   0
   0
   0
   0
   0
   0
   0
   0
   0
   0
   0
   0
   0
   0
   0
   0
   0
   0
   0
   0
   0
   0
   0
   0
   0
   0
   0
   0
   0
   0
   0
   0
   0
   0
   0
   0
   0
   0
   0
   0
   0
   0
   0
   0
   0
   0
   0
   0
   0
   0
   0
   0
   0
   0
   0
   0
   0
   0
   0
   0
   0
   0
   0
   0
   0
   0
   0
   0
   0
   0
   0
   0
   0
   0
   0
   0
   0
   0
   0
   0
   0
   0
   0
   0
   0
   0
   0
   0
   0
   0
   0
   0
   0
   0
   0
   0
   0
   0
   0
   0
   0
   0
   0
   0
   0
   0
   0
   0
   0
   0
   0
   0
   0
   0
   0
   0
   0
   0
   0
   0
   0
   0
   0
   0
   0
   0
   0
   0
   0
   0
   0
   0
   0
   0
   0
   0
   0
   0
   0
   0
   0
   0
   0
   0
   0
   0
   0
   0
   0
   0
   0
   0
   0
   0
   0
   0
   0
   0
   0
   0
   0
   0
   0
   0
   0
   0
   0
   0
   0
   0
   0
   0
   0
   0
   0
   0
   0
   0
   0
   0
   0
   0
   0
   0
   0
   0
   0
   0
   0
   0
   0
   0
   0
   0
   0
   0
   0
   0
   0
   0
   0
   0
   0
   0
   0
   0
   0
   0
   0
   0
   0
   0
   0
   0
   0
   0
   0
   0
   0
   0
   0
   0
   0
   0
   0
   0
   0
   0
   0
   0
   0
   0
   0
   0
   0
   0
   0
   0
   0
   0
   0
   0
   0
   0
   0
   0
   0
   0
   0
   0
   0
   0
   0
   0
   0
   0
   0
   0
   0
   0
   0
   0
   0
   0
   0
   0
   0
   0
   0
   0
   0
   0
   0
   0
   0
   0
   0
   0
   0
   0
   0
   0
   0
   0
   0
   0
   0
   0
   0
   0
   0
   0
   0
   0
   0
   0
   0
   0
   0
   0
   0
   0
   0
   0
   0
   0
   0
   0
   0
   0
   0
   0
   0
   0
   0
   0
   0
   0
   0
   0
   0
   0
   0
   0
   0
   0
   0
   0
   0
   0
   0
   0
   0
   0
   0
   0
   0
   0
   0
   0
   0
   0
   0
   0
   0
   0
   0
   0
   0
   0
   0
   0
   0
   0
   0
   0
   0
   0
   0
   0
   0
   0
   0
   0
   0
   0
   0
   0
   0
   0
   0
   0
   0
   0
   0
   0
   0
   0
   0
   0
   0
   0
   0
   0
   0
   0
   0
   0
   0
   0
   0
   0
   0
   0
   0
   0
   0
   0
   0
   0
   0
   0
   0
   0
   0
   0
   0
   0
   0
   0
   0
   0
   0
   0
   0
   0
   0
   0
   0
   0
   0
   0
   0
   0
   0
   0
   0
   0
   0
   0
   0
   0
   0
   0
   0
   0
   0
   0
   0
   0
   0
   0
   0
   0
   0
   0
   0
   0
   0
   0
   0
   0
   0
   0
   0
   0
   0
   0
   0
   0
   0
   0
   0
   0
   0
   0
   0
   0
   0
   0
   0
   0
   0
   0
   0
   0
   0
   0
   0
   0
   0
   0
   0
   0
   0
   0
   0
   0
   0
   0
   0
   0
   0
   0
   0
   0
   0
   0
   0
   0
   0
   0
   0
   0
   0
   0
   0
   0
   0
   0
   0
   0
   0
   0
   0
   0
   0
   0
   0
   0
   0
   0
   0
   0
   0
   0
   0
   0
   0
   0
   0
   0
   0
   0
   0
   0
   0
   0
   0
   0
   0
   0
   0
   0
   0
   0
   0
   0
   0
   0
   0
   0
   0
   0
   0
   0
   0
   0
   0
   0
   0
   0
   0
   0
   0
   0
   0
   0
   0
   0
   0
   0
   0
   0
   0
   0
   0
   0
   0
   0
   0
   0
   0
   0
   0
   0
   0
   0
   0
   0
   0
   0
   0
   0
   0
   0
   0
   0
   0
   0
   0
   0
   0
   0
   0
   0
   0
   0
   0
   0
   0
   0
   0
   0
   0
   0
   0
   0
   0
   0
   0
   0
   0
   0
   0
   0
   0
   0
   0
   0
   0
   0
   0
   0
   0
   0
   0
   0
   0
   0
   0
   0
   0
   0
   0
   0
   0
   0
   0
   0
   0
   0
   0
   0
   0
   0
   0
   0
   0
   0
   0
   0
   0
   0
   0
   0
   0
   0
   0
   0
   0
   0
   0
   0
   0
   0
   0
   0
   0
   0
   0
   0
   0
   0
   0
   0
   0
   0
   0
   0
   0
   0
   0
   0
   0
   0
   0
   0
   0
