   0
0.6283185307179586232
1.2566370614359172464
1.8849555921538758696
2.5132741228718344928
3.141592653589793116
   0
0.084149983643965114988
0.12164484695272471948
0.10748391093524373163
0.060710986336756526949
   0
   0
   0
   0
   0
   0
   0
   0
  -0
-0.43415742684541214214
  -0
-0.2170787134227059878
   0
   0
0.36931636609809137539
  -0
-0.7822246159973570423
  -0
   0
   0
   0
0.56831944997474248549
  -0
-1.1366388999494847489
   0
   0
0.070533149623935753603
  -0
0.59756643294831124358
  -0
   0
   0
   0
   0
   0
   0
   0
   0
  -0
  -0
  -0
  -0
   0
   0
   0
   0
   0
   0
   0
   0
   0
   0
   0
   0
   0
   0
   0
   0
   0
   0
   0
   0
   0
   0
   0
   0
   0
   0
   0
   0
   0
   0
   0
   0
-0.002833131464403898167
-0.021899363669830647361
-0.06894410057114215562
-0.14298117369396057263
   0
   0
1.6701382624144341565e-05
0.00049548736224516644767
0.0030859991987331157615
0.0073480807546304057962
   0
   0
6.6131430840119292084e-09
3.57287290554130021e-06
0.00014079333334676219979
0.0014762367902787091375
   0
   0
2.8840634189690634028e-12
2.837199159896646249e-08
7.0687025496160610477e-06
0.00032524265689528014233
   0
   0
1.316628251661852621e-15
2.3583246868781779604e-10
3.7138276702768369645e-07
7.4888132677072350493e-05
   0
   0
6.1736605899101254251e-19
2.013395241699151644e-12
2.0038224337001606145e-08
1.7696835736446204834e-05
   0
   0
-0.0046602369975358385462
-0.037847534220750093936
-0.1291140591686185668
-0.2959165198316559553
   0
   0
2.0295451077533447162e-05
0.00067445072171479713251
0.0050887686798124160195
0.01574635211885470551
   0
   0
4.3137732367156219332e-09
2.8184501121602709931e-06
0.00015358106121784231087
0.0025214527589107801203
   0
   0
1.0098543887748191065e-12
1.2971252054987794131e-08
5.1022676864703863379e-06
0.00044322617227245461732
   0
   0
2.4746980359872117154e-16
6.2489042926817475488e-11
1.7740313138797546334e-07
8.1455651493880692538e-05
   0
   0
6.2288395145156660617e-20
3.0920163217408278949e-13
6.334872426918982519e-09
1.5366555213206818794e-05
   0
   0
-0.0047583598889107073943
-0.041389453973199867576
-0.16141768338139250716
-0.45749968441305843836
   0
   0
1.1228747479779456367e-05
0.00043636048274831132658
0.0045074596726490225376
0.023851916057039054819
   0
   0
6.8622023894544156962e-10
5.8248857942289274339e-07
5.3867458727852562787e-05
0.0022070879266955873918
   0
   0
4.6189128528692946495e-14
8.5637382655048180566e-10
7.0887623480261388051e-07
0.00022453004217620078464
   0
   0
3.2544564578763614233e-18
1.3179474602881327772e-12
9.7643164117333391672e-09
2.389456632464720699e-05
   0
   0
2.3552599361799894542e-22
2.0833043334785055904e-15
1.3813960904613157956e-10
2.6109863635709313858e-06
   0
   0
-0.0029920328265064430849
-0.027719332557572605447
-0.1264640856371854194
-0.52923171078163511183
   0
   0
1.9941463433253548527e-06
8.9386095172435810576e-05
0.0013239623386768159009
0.017856267034466161148
   0
   0
9.5545363580953259624e-12
1.0292889197157371661e-08
1.7411927906514687615e-06
0.00034711452915591297285
   0
   0
5.042044695033455345e-17
1.3054139248787805104e-12
2.5220414203741720758e-09
7.429227152814455404e-06
   0
   0
2.7852640923835592657e-22
1.7330914458810737766e-16
3.8239866588507019249e-12
1.6642539195322615464e-07
   0
   0
1.5803301650452771674e-27
2.3632862235927361212e-20
5.9552562988005097139e-15
3.8290387088772773563e-09
   0
   0
   0
   0
   0
   0
   0
   0
   0
   0
   0
   0
   0
   0
   0
   0
   0
   0
   0
   0
   0
   0
   0
   0
   0
   0
   0
   0
   0
   0
   0
   0
   0
   0
   0
   0
   0
   0
   0
   0
   0
   0
   0
   0
0.0023604065824265317054
0.0034121372938148084031
0.0030149231157300545279
0.0017029428357490173414
   0
   0
0.0034121372938148084031
0.0049324895967172745215
0.0043582879651993394754
0.0024617262137612370282
   0
   0
0.0030149231157300545279
0.0043582879651993394754
0.0038509303699784686731
0.0021751514160702461326
   0
   0
0.0017029428357490173414
0.0024617262137612370282
0.0021751514160702461326
0.001228607953993945956
   0
   0
   0
   0
   0
   0
   0
   0
   0
   0
   0
   0
   0
   0
   0
   0
   0
   0
   0
   0
   0
   0
   0
   0
   0
   0
   0
   0
   0
   0
   0
   0
   0
   0
   0
   0
   0
   0
   0
   0
   0
   0
   0
   0
   0
   0
   0
   0
   0
   0
   0
   0
   0
   0
   0
   0
   0
   0
   0
   0
   0
   0
   0
   0
   0
   0
   0
   0
   0
   0
   0
   0
   0
   0
   0
   0
   0
   0
   0
   0
   0
   0
   0
   0
   0
   0
   0
   0
   0
   0
   0
   0
   0
   0
   0
   0
   0
   0
   0
   0
   0
   0
   0
   0
   0
   0
   0
   0
   0
   0
   0
   0
   0
   0
   0
   0
   0
   0
   0
   0
   0
   0
   0
   0
   0
   0
   0
   0
   0
   0
   0
   0
   0
   0
   0
   0
   0
   0
   0
   0
   0
   0
   0
   0
   0
   0
   0
   0
   0
   0
   0
   0
  -0
   0
  -0
   0
   0
   0
   0
   0
   0
   0
   0
   0
   0
   0
   0
   0
   0
   0
   0
   0
   0
   0
   0
   0
   0
   0
   0
   0
   0
   0
   0
   0
   0
   0
   0
   0
   0
   0
   0
   0
   0
   0
   0
   0
   0
   0
   0
   0
   0
   0
   0
   0
   0
   0
   0
   0
   0
   0
   0
   0
   0
   0
   0
   0
   0
   0
   0
   0
   0
   0
   0
   0
   0
   0
   0
   0
   0
   0
   0
   0
   0
   0
   0
   0
   0
   0
   0
   0
   0
   0
   0
   0
   0
   0
   0
   0
   0
   0
   0
   0
   0
   0
   0
   0
   0
   0
   0
   0
2.4836260050585909909
4.7888397395853656846
6.5022172965865099314
7.7743567180850456921
   0
   0
2.6081542914892135165
4.9595403361113969964
6.8282365830226625647
8.0203647256354795303
   0
   0
2.6081542914892135165
4.9609937126844680932
6.8282365830226625647
8.0257257207450685144
   0
   0
2.6081542914892135165
4.9610041850220456539
6.8282365830226625647
8.0267765786966247532
   0
   0
2.6081542914892135165
4.9610042681511981044
6.8282365830226625647
8.02700515244418078
   0
   0
2.6081542914892135165
4.9610042688420232793
6.8282365830226625647
8.0270573681135797273
   0
   0
0.39033063481419044694
0.81124483244049117037
1.1729497600443059557
1.3572419788730165635
   0
   0
0.52167077904040259906
0.99120451101097040159
1.3596797175182797623
1.5982264932183161132
   0
   0
0.5216308741050118547
0.9921966901705803199
1.365375055300065199
1.6042636615443053305
   0
   0
0.52163085830473621129
0.99220083460761154814
1.3656336473907184637
1.6052123722589652921
   0
   0
0.52163085829784572311
0.99220085367728116932
1.3656465984373133971
1.6053775205500697698
   0
   0
0.52163085829784250347
0.99220085376913735864
1.3656472778553032654
1.6054076902313578756
   0
   0
0.020819170661568780351
0.05839539070291537709
0.05450529640957170463
0.61468648567747419253
   0
   0
0.14534745709219110132
0.27678082853312691025
0.3805245828457232693
0.41888120737163053731
   0
   0
0.14534745709219110132
0.27647334099736647905
0.3805245828457232693
0.44279734171748225124
   0
   0
0.14534745709219110132
0.27646734598860700505
0.3805245828457232693
0.44645356149135567714
   0
   0
0.14534745709219110132
0.27646729284301491125
0.3805245828457232693
0.44714356545294520195
   0
   0
0.14534745709219110132
0.27646729239280753987
0.3805245828457232693
0.44728998380727702511
   0
  -0
-0.096752119904475381018
-0.14062460538473303684
-0.35176310861434911814
-0.052197615157257258589
   0
   0
0.029077115601839127745
0.055161411486388318981
0.080663756608575623575
0.081315306883960075668
   0
   0
0.029069494437338926768
0.055293443272453703108
0.076312905698114524844
0.089308237343615592962
   0
   0
0.029069491419754803219
0.055293458475855004897
0.076115358919299283547
0.089463303729396079222
   0
   0
0.029069491418438824643
0.055293458477783191674
0.076105465200080477106
0.089466619199370961413
   0
   0
0.029069491418438224428
0.055293458477783448413
0.07610494617092145031
0.089466693424627957709
   0
   0
   0
   0
   0
   0
   0
   0
   0
   0
   0
   0
   0
   0
   0
   0
   0
   0
   0
   0
   0
   0
   0
   0
   0
   0
   0
   0
   0
   0
   0
   0
   0
   0
   0
   0
   0
   0
   0
   0
   0
   0
   0
   0
   0
   0
   0
   0
   0
   0
   0
   0
   0
   0
   0
   0
   0
   0
   0
   0
   0
   0
   0
   0
   0
   0
   0
   0
   0
   0
   0
   0
   0
   0
7.7744143495877056083
14.856606700049042047
20.50473190109595123
24.083114864955351919
   0
   0
8.0596799209637310923
15.329349939648214018
21.094443858580984141
24.797833132392298694
   0
   0
8.0596400160283394598
15.330342118807823937
21.100139196362771798
24.803870300718287467
   0
   0
8.0596400002280645936
15.330346263244852167
21.100397788453424397
24.804819011432950759
   0
   0
8.0596400002211741054
15.330346282314522455
21.100410739500020441
24.804984159724053683
   0
   0
8.0596400002211705527
15.330346282406379643
21.1004114189180072
24.805014329405345563
   0
   0
1.3111958768693079413
2.5364188189068506141
3.990433656787023331
4.1040118586961478186
   0
   0
1.6120250230866777219
3.0660692564813665228
4.2004013199140999291
4.9610042688479696338
   0
   0
1.6119280206663624266
3.0660692564813665228
4.2194883119880426392
4.9610042688479696338
   0
   0
1.6119280000490616711
3.0660692564813665228
4.2200625583539972396
4.9610042688479696338
   0
   0
1.6119280000442348655
3.0660692564813665228
4.2200816054213010631
4.9610042688479696338
   0
   0
1.6119280000442339773
3.0660692564813665228
4.2200822670331294972
4.9610042688479696338
   0
   0
0.15932088514426634429
0.25149222014678668247
0.75902830536722432075
1.2326631686178874947
   0
   0
0.44917518299701714168
0.85563514697329057235
1.1671692583179014147
1.3446984960741372728
   0
   0
0.44914834494695399236
0.8543363675918964617
1.1757814617291162396
1.3763095198206258818
   0
   0
0.44914834330681568941
0.85433094245339069595
1.175884257967184654
1.3812770336135689053
   0
   0
0.44914834330670527773
0.85433091749086875755
1.175885609885761518
1.3821417612921591545
   0
   0
0.44914834330670527773
0.85433091737062749615
1.1758856285005312436
1.3822997317942438134
   0
  -0
-0.19790319726514474241
-0.35878425410051023592
-0.44000800307153886681
-0.58052511776290438572
   0
   0
0.089843700077140112303
0.17086618347400595042
0.24013435515679690258
0.27646729238891720737
   0
   0
0.089829670653417015291
0.17086618347400595042
0.23540063869253585738
0.27646729238891720737
   0
   0
0.089829668661802183904
0.17086618347400595042
0.23518465828033857656
0.27646729238891720737
   0
   0
0.089829668661341177671
0.17086618347400595042
0.23517738781765679112
0.27646729238891720737
   0
   0
0.089829668661341080527
0.17086618347400595042
0.23517713511180896035
0.27646729238891720737
   0
   0
   0
   0
   0
   0
   0
   0
   0
   0
   0
   0
   0
   0
   0
   0
   0
   0
   0
   0
   0
   0
   0
   0
   0
   0
   0
   0
   0
   0
   0
   0
   0
   0
   0
   0
   0
   0
   0
   0
   0
   0
   0
   0
   0
   0
   0
   0
   0
   0
   0
   0
   0
   0
   0
   0
   0
   0
   0
   0
   0
   0
   0
   0
   0
   0
   0
   0
   0
   0
   0
   0
   0
   0
28.397364045693187506
54.033791217384248284
74.345264262528999666
87.948711489477105374
   0
   0
28.924874332134869803
55.018693969334805161
75.726304121848500017
88.993157278383250741
   0
   0
28.924874332134869803
55.018386481799041121
75.726304121848500017
89.01707341272910412
   0
   0
28.924874332134869803
55.018380486790277928
75.726304121848500017
89.020729632502977324
   0
   0
28.924874332134869803
55.018380433644693994
75.726304121848500017
89.021419636464557357
   0
   0
28.924874332134869803
55.018380433194487011
75.726304121848500017
89.021566054818890734
   0
   0
5.2460908354032902423
9.9271036363232241229
14.076364928096960938
16.888131301927867156
   0
   0
5.7850017061172858135
11.004980316241379512
15.136544453919940523
17.766683943504460785
   0
   0
5.7849748680672226087
11.003681536859986068
15.14515665733115668
17.798294967250946286
   0
   0
5.7849748664270848053
11.003676111721478748
15.145259453569225983
17.803262481043891086
   0
   0
5.784974866426973783
11.003676086758957808
15.145260805487801292
17.804127208722480447
   0
   0
5.784974866426973783
11.00367608663871799
15.145260824102573238
17.80428517922456777
   0
   0
1.0844177136025532349
1.9026100613807608308
2.8390424322139335978
5.524586180493322729
   0
   0
1.6119280000442339773
3.0677568942611785907
4.2200822915334468277
4.8469794336704703497
   0
   0
1.6119280000442339773
3.066071509274118867
4.2200822915334468277
4.9504532155714997543
   0
   0
1.6119280000442339773
3.066069259793418933
4.2200822915334468277
4.9599308959168260103
   0
   0
1.6119280000442339773
3.0660692564864637788
4.2200822915334468277
4.9608900401218463116
   0
   0
1.6119280000442339773
3.0660692564813749605
4.2200822915334468277
4.9609917869455077977
   0
  -0
-0.20729687835831647758
-0.44377303107182142217
-0.77548017001437630213
0.63369555195708693329
   0
   0
0.32239072593357270824
0.61338670305206577371
0.85067517281323523637
0.94951963057936039636
   0
   0
0.32238560032210650252
0.61321387120030856899
0.84409603484312278887
0.99137115780554529998
   0
   0
0.32238560000886795631
0.61321385129879790732
0.84401750550506982052
0.99218309594251707928
   0
   0
0.32238560000884686207
0.61321385129627381527
0.8440164727311769699
0.99220045596868300386
   0
   0
0.32238560000884686207
0.61321385129627348221
0.8440164585107584605
0.99220084461717428237
   0
   0
   0
   0
   0
   0
   0
   0
   0
   0
   0
   0
   0
   0
   0
   0
   0
   0
   0
   0
   0
   0
   0
   0
   0
   0
   0
   0
   0
   0
   0
   0
   0
   0
   0
   0
   0
   0
   0
   0
   0
   0
   0
   0
   0
   0
   0
   0
   0
   0
   0
   0
   0
   0
   0
   0
   0
   0
   0
   0
   0
   0
   0
   0
   0
   0
   0
   0
   0
   0
   0
   0
   0
   0
232.82630676436178874
442.9053612891777334
609.44872181398795874
716.81126614145114218
   0
   0
234.00715657275148374
445.10791568738119395
612.64322839784995267
720.19179851203671205
   0
   0
234.00714895158699846
445.10804771916724576
612.63887754693951138
720.19979144249646197
   0
   0
234.00714894856940873
445.10804773437064341
612.63868000016066162
720.19994650888224896
   0
   0
234.00714894856810133
445.10804773437257609
612.63867010644139555
720.19994982435218844
   0
   0
234.00714894856810133
445.10804773437257609
612.63866958741232338
720.1999498985774153
   0
   0
45.612601778053580404
86.77797428899633303
119.4934510641090526
140.40971187446055524
   0
   0
46.801443821129410594
89.021609546874501007
122.53269114096534054
144.03998998006505872
   0
   0
46.801429791705686512
89.021609546874501007
122.52795742450109628
144.03998998006505872
   0
   0
46.801429789714070751
89.021609546874501007
122.52774144408888901
144.03998998006505872
   0
   0
46.801429789713608898
89.021609546874501007
122.52773417362621444
144.03998998006505872
   0
   0
46.801429789713608898
89.021609546874501007
122.52773392092035465
144.03998998006505872
   0
   0
11.859050406206590011
22.507783394659750087
30.814627141036549318
37.770093943501819922
   0
   0
13.040776583370780273
24.805194195995628803
34.147841629619819059
40.092686403456426092
   0
   0
13.040771457759314345
24.805021364143872376
34.141262491649712274
40.134537930682611773
   0
   0
13.040771457446075132
24.805021344242362602
34.141183962311657751
40.135349868819581332
   0
   0
13.040771457446055592
24.805021344239836623
34.141182929537762902
40.135367228845751697
   0
   0
13.040771457446055592
24.805021344239836623
34.141182915317344282
40.135367617494239312
   0
   0
1.4258737054045560466
2.7173690109698105388
3.3664955255519362076
4.3967954197248388937
   0
   0
2.6081561121453566976
4.9610042688479687456
6.8321482707008245328
8.0270735253293334921
   0
   0
2.6081542914979354286
4.9610042688479687456
6.8282417274306101973
8.0270735253293334921
   0
   0
2.6081542914892117402
4.9610042688479687456
6.8282365904741073592
8.0270735253293334921
   0
   0
2.6081542914892117402
4.9610042688479687456
6.8282365830339557533
8.0270735253293334921
   0
   0
2.6081542914892117402
4.9610042688479687456
6.8282365830226758874
8.0270735253293334921
   0
   0
   0
   0
   0
   0
   0
   0
   0
   0
   0
   0
   0
   0
   0
   0
   0
   0
   0
   0
   0
   0
   0
   0
   0
   0
   0
   0
   0
   0
   0
   0
   0
   0
   0
   0
   0
   0
   0
   0
   0
   0
   0
   0
   0
   0
   0
   0
   0
   0
   0
   0
   0
   0
   0
   0
   0
   0
   0
   0
   0
   0
   0
   0
   0
   0
   0
   0
   0
   0
   0
   0
   0
   0
   0
   0
   0
   0
   0
   0
   0
   0
   0
   0
   0
   0
   0
   0
   0
   0
   0
   0
   0
   0
   0
   0
   0
   0
   0
   0
   0
   0
   0
   0
   0
   0
   0
   0
   0
   0
   0
   0
   0
   0
   0
   0
   0
   0
   0
   0
   0
   0
   0
   0
   0
   0
   0
   0
   0
   0
   0
   0
   0
   0
   0
   0
   0
   0
   0
   0
   0
   0
   0
   0
   0
   0
   0
   0
   0
   0
   0
   0
   0
   0
   0
   0
   0
   0
   0
   0
   0
   0
   0
   0
   0
   0
   0
   0
   0
   0
   0
   0
   0
   0
   0
   0
   0
   0
   0
   0
   0
   0
   0
   0
   0
   0
   0
   0
   0
   0
   0
   0
   0
   0
   0
   0
   0
   0
   0
   0
   0
   0
   0
   0
   0
   0
   0
   0
   0
   0
   0
   0
   0
   0
   0
   0
   0
   0
   0
   0
   0
   0
   0
   0
   0
   0
   0
   0
   0
   0
   0
   0
   0
   0
   0
   0
   0
   0
   0
   0
   0
   0
   0
   0
   0
   0
   0
   0
   0
   0
   0
   0
   0
   0
  -0
  -0
  -0
  -0
   0
   0
   0
   0
   0
   0
   0
   0
   0
   0
   0
   0
   0
   0
   0
   0
   0
   0
   0
   0
   0
   0
   0
   0
   0
   0
   0
   0
   0
   0
   0
   0
  -0
  -0
  -0
  -0
   0
   0
   0
   0
   0
   0
   0
   0
   0
   0
   0
   0
   0
   0
   0
   0
   0
   0
   0
   0
   0
   0
   0
   0
   0
   0
   0
   0
   0
   0
   0
   0
  -0
  -0
  -0
  -0
   0
   0
   0
   0
   0
   0
   0
   0
   0
   0
   0
   0
   0
   0
   0
   0
   0
   0
   0
   0
   0
   0
   0
   0
   0
   0
   0
   0
   0
   0
   0
   0
  -0
  -0
  -0
  -0
   0
   0
   0
   0
   0
   0
   0
   0
   0
   0
   0
   0
   0
   0
   0
   0
   0
   0
   0
   0
   0
   0
   0
   0
   0
   0
   0
   0
   0
   0
   0
   0
  -0
  -0
  -0
  -0
   0
   0
   0
   0
   0
   0
   0
   0
   0
   0
   0
   0
   0
   0
   0
   0
   0
   0
   0
   0
   0
   0
   0
   0
   0
   0
   0
   0
   0
   0
   0
   0
   0
   0
   0
   0
   0
   0
   0
   0
   0
   0
   0
   0
   0
   0
   0
   0
   0
   0
   0
   0
   0
   0
   0
   0
   0
   0
   0
   0
   0
   0
   0
   0
   0
   0
   0
   0
  -0
  -0
  -0
  -0
   0
   0
   0
   0
   0
   0
   0
   0
   0
   0
   0
   0
   0
   0
   0
   0
   0
   0
   0
   0
   0
   0
   0
   0
   0
   0
   0
   0
   0
   0
   0
   0
-0.002833131464403898167
  -0
  -0
  -0
   0
   0
1.6701382624144341565e-05
   0
   0
   0
   0
   0
6.6131430840119300356e-09
   0
   0
   0
   0
   0
2.8840634189690634028e-12
   0
   0
   0
   0
   0
1.316628251661852621e-15
   0
   0
   0
   0
   0
6.1736605899101254251e-19
   0
   0
   0
   0
   0
-0.0023301184987679192731
-0.010949681834915325415
  -0
  -0
   0
   0
1.0147725538766723581e-05
0.00024774368112258327804
   0
   0
   0
   0
2.1568866183578109666e-09
1.786436452770650105e-06
   0
   0
   0
   0
5.0492719438740955325e-13
1.4185995799483232899e-08
   0
   0
   0
   0
1.2373490179936058577e-16
1.1791623434390892387e-10
   0
   0
   0
   0
3.1144197572578330309e-20
1.006697620849575822e-12
   0
   0
   0
   0
-0.0023791799444553536971
  -0
-0.03447205028557107781
  -0
   0
   0
5.6143737398897281834e-06
   0
0.0015429995993665576639
   0
   0
   0
3.4311011947272078481e-10
   0
7.0396666673381099897e-05
   0
   0
   0
2.3094564264346473248e-14
   0
3.5343512748080305239e-06
   0
   0
   0
1.6272282289381809042e-18
   0
1.8569138351384184822e-07
   0
   0
   0
1.1776299680899949622e-22
   0
1.0019112168500801418e-08
   0
   0
   0
-0.0014960164132532215425
  -0
  -0
-0.071490586846980286317
   0
   0
9.9707317166267763811e-07
   0
   0
0.0036740403773152028981
   0
   0
4.7772681790476629812e-12
   0
   0
0.00073811839513935456874
   0
   0
2.5210223475167276725e-17
   0
   0
0.00016262132844764009827
   0
   0
1.3926320461917796328e-22
   0
   0
3.7444066338536175246e-05
   0
   0
7.9016508252263867338e-28
   0
   0
8.8484178682231041111e-06
   0
   0
   0
   0
   0
   0
   0
   0
   0
   0
   0
   0
   0
   0
   0
   0
   0
   0
   0
   0
   0
   0
   0
   0
   0
   0
   0
   0
   0
   0
   0
   0
   0
   0
   0
   0
   0
   0
  -0
  -0
  -0
  -0
   0
   0
   0
   0
   0
   0
   0
   0
   0
   0
   0
   0
   0
   0
   0
   0
   0
   0
   0
   0
   0
   0
   0
   0
   0
   0
   0
   0
   0
   0
   0
   0
-0.0023301184987679192731
-0.010949681834915325415
  -0
  -0
   0
   0
1.0147725538766723581e-05
0.00024774368112258327804
   0
   0
   0
   0
2.1568866183578109666e-09
1.786436452770650105e-06
   0
   0
   0
   0
5.0492719438740955325e-13
1.4185995799483232899e-08
   0
   0
   0
   0
1.2373490179936058577e-16
1.1791623434390892387e-10
   0
   0
   0
   0
3.1144197572578330309e-20
1.006697620849575822e-12
   0
   0
   0
   0
  -0
-0.037847534220750100875
  -0
  -0
   0
   0
   0
0.00067445072171479724093
   0
   0
   0
   0
   0
2.8184501121602709931e-06
   0
   0
   0
   0
   0
1.2971252054987795785e-08
   0
   0
   0
   0
   0
6.2489042926817475488e-11
   0
   0
   0
   0
   0
3.0920163217408278949e-13
   0
   0
   0
   0
  -0
-0.020694726986599933788
-0.064557029584309269521
  -0
   0
   0
   0
0.00021818024137415566329
0.0025443843399062075761
   0
   0
   0
   0
2.912442897114463717e-07
7.6790530608921155433e-05
   0
   0
   0
   0
4.2818691327524095453e-10
2.5511338432351927454e-06
   0
   0
   0
   0
6.5897373014406648959e-13
8.8701565693987718433e-08
   0
   0
   0
   0
1.0416521667392527952e-15
3.1674362134594912595e-09
   0
   0
   0
  -0
-0.013859666278786302723
  -0
-0.14795825991582797765
   0
   0
   0
4.4693047586217905288e-05
   0
0.0078731760594273544895
   0
   0
   0
5.1464445985786858306e-09
   0
0.001260726379455390277
   0
   0
   0
6.5270696243939035615e-13
   0
0.00022161308613622733577
   0
   0
   0
8.6654572294053701157e-17
   0
4.0727825746940339493e-05
   0
   0
   0
1.181643111796368211e-20
   0
7.6832776066034093971e-06
   0
   0
   0
   0
   0
   0
   0
   0
   0
   0
   0
   0
   0
   0
   0
   0
   0
   0
   0
   0
   0
   0
   0
   0
   0
   0
   0
   0
   0
   0
   0
   0
   0
   0
   0
   0
   0
   0
  -0
  -0
  -0
  -0
   0
   0
   0
   0
   0
   0
   0
   0
   0
   0
   0
   0
   0
   0
   0
   0
   0
   0
   0
   0
   0
   0
   0
   0
   0
   0
   0
   0
   0
   0
   0
   0
-0.0023791799444553536971
  -0
-0.03447205028557107781
  -0
   0
   0
5.6143737398897281834e-06
   0
0.0015429995993665576639
   0
   0
   0
3.4311011947272078481e-10
   0
7.0396666673381099897e-05
   0
   0
   0
2.3094564264346473248e-14
   0
3.5343512748080305239e-06
   0
   0
   0
1.6272282289381809042e-18
   0
1.8569138351384184822e-07
   0
   0
   0
1.1776299680899949622e-22
   0
1.0019112168500801418e-08
   0
   0
   0
  -0
-0.020694726986599933788
-0.064557029584309269521
  -0
   0
   0
   0
0.00021818024137415566329
0.0025443843399062075761
   0
   0
   0
   0
2.912442897114463717e-07
7.6790530608921155433e-05
   0
   0
   0
   0
4.2818691327524095453e-10
2.5511338432351927454e-06
   0
   0
   0
   0
6.5897373014406648959e-13
8.8701565693987718433e-08
   0
   0
   0
   0
1.0416521667392527952e-15
3.1674362134594912595e-09
   0
   0
   0
  -0
  -0
-0.1614176833813924794
  -0
   0
   0
   0
   0
0.0045074596726490225376
   0
   0
   0
   0
   0
5.3867458727852556011e-05
   0
   0
   0
   0
   0
7.0887623480261377463e-07
   0
   0
   0
   0
   0
9.7643164117333391672e-09
   0
   0
   0
   0
   0
1.3813960904613155371e-10
   0
   0
   0
  -0
  -0
-0.063232042818592709699
-0.22874984220652924694
   0
   0
   0
   0
0.00066198116933840795047
0.01192595802851952741
   0
   0
   0
   0
8.7059639532573438076e-07
0.0011035439633477936959
   0
   0
   0
   0
1.2610207101870860379e-09
0.00011226502108810039232
   0
   0
   0
   0
1.9119933294253509624e-12
1.1947283162323603495e-05
   0
   0
   0
   0
2.977628149400254857e-15
1.3054931817854656929e-06
   0
   0
   0
   0
   0
   0
   0
   0
   0
   0
   0
   0
   0
   0
   0
   0
   0
   0
   0
   0
   0
   0
   0
   0
   0
   0
   0
   0
   0
   0
   0
   0
   0
   0
   0
   0
   0
   0
  -0
  -0
  -0
  -0
   0
   0
   0
   0
   0
   0
   0
   0
   0
   0
   0
   0
   0
   0
   0
   0
   0
   0
   0
   0
   0
   0
   0
   0
   0
   0
   0
   0
   0
   0
   0
   0
-0.0014960164132532215425
  -0
  -0
-0.071490586846980286317
   0
   0
9.9707317166267763811e-07
   0
   0
0.0036740403773152028981
   0
   0
4.7772681790476629812e-12
   0
   0
0.00073811839513935456874
   0
   0
2.5210223475167276725e-17
   0
   0
0.00016262132844764009827
   0
   0
1.3926320461917796328e-22
   0
   0
3.7444066338536175246e-05
   0
   0
7.9016508252263867338e-28
   0
   0
8.8484178682231041111e-06
   0
   0
  -0
-0.013859666278786302723
  -0
-0.14795825991582797765
   0
   0
   0
4.4693047586217905288e-05
   0
0.0078731760594273544895
   0
   0
   0
5.1464445985786858306e-09
   0
0.001260726379455390277
   0
   0
   0
6.5270696243939035615e-13
   0
0.00022161308613622733577
   0
   0
   0
8.6654572294053701157e-17
   0
4.0727825746940339493e-05
   0
   0
   0
1.181643111796368211e-20
   0
7.6832776066034093971e-06
   0
   0
  -0
  -0
-0.063232042818592709699
-0.22874984220652924694
   0
   0
   0
   0
0.00066198116933840795047
0.01192595802851952741
   0
   0
   0
   0
8.7059639532573438076e-07
0.0011035439633477936959
   0
   0
   0
   0
1.2610207101870860379e-09
0.00011226502108810039232
   0
   0
   0
   0
1.9119933294253509624e-12
1.1947283162323603495e-05
   0
   0
   0
   0
2.977628149400254857e-15
1.3054931817854656929e-06
   0
   0
  -0
  -0
  -0
-0.52923171078163511183
   0
   0
   0
   0
   0
0.017856267034466161148
   0
   0
   0
   0
   0
0.00034711452915591297285
   0
   0
   0
   0
   0
7.429227152814454557e-06
   0
   0
   0
   0
   0
1.6642539195322615464e-07
   0
   0
   0
   0
   0
3.8290387088772773563e-09
   0
   0
   0
   0
   0
   0
   0
   0
   0
   0
   0
   0
   0
   0
   0
   0
   0
   0
   0
   0
   0
   0
   0
   0
   0
   0
   0
   0
   0
   0
   0
   0
   0
   0
   0
   0
   0
   0
   0
   0
   0
   0
   0
   0
   0
   0
   0
   0
   0
   0
   0
   0
   0
   0
   0
   0
   0
   0
   0
   0
   0
   0
   0
   0
   0
   0
   0
   0
   0
   0
   0
   0
   0
   0
   0
   0
   0
   0
   0
   0
   0
   0
   0
   0
   0
   0
   0
   0
   0
   0
   0
   0
   0
   0
   0
   0
   0
   0
   0
   0
   0
   0
   0
   0
   0
   0
   0
   0
   0
   0
   0
   0
   0
   0
   0
   0
   0
   0
   0
   0
   0
   0
   0
   0
   0
   0
   0
   0
   0
   0
   0
   0
   0
   0
   0
   0
   0
   0
   0
   0
   0
   0
   0
   0
   0
   0
   0
   0
   0
   0
   0
   0
   0
   0
   0
   0
   0
   0
   0
   0
   0
   0
   0
   0
   0
   0
   0
   0
   0
   0
   0
   0
   0
   0
   0
   0
   0
   0
   0
   0
   0
   0
   0
   0
   0
   0
   0
   0
   0
   0
   0
   0
   0
   0
   0
   0
   0
   0
   0
   0
   0
   0
   0
   0
   0
   0
   0
   0
   0
   0
   0
   0
   0
   0
   0
   0
   0
   0
   0
   0
   0
   0
   0
   0
   0
   0
   0
   0
   0
   0
   0
   0
   0
   0
   0
   0
   0
   0
   0
   0
   0
   0
   0
   0
   0
   0
   0
   0
   0
   0
   0
   0
   0
